year,month,PDO,MEI,sst,upwell,NPGO,vwnd,uwnd,mld,ssh,chl,PDO1,MEI1,sst1,upwell1,NPGO1,vwnd1,uwnd1,mld1,ssh1,chl1,PDO2,MEI2,sst2,upwell2,NPGO2,vwnd2,uwnd2,mld2,ssh2,chl2,PDO3,MEI3,sst3,upwell3,NPGO3,vwnd3,uwnd3,mld3,ssh3,chl3
2000,1,-2.13,-1.122,-1.379958438,-0.960102312,1.4045384,1.245537727,-0.411924533,0.661153566,-1.017637566,-1.314640983,,,,,,,,,,,,,,,,,,,,,,,,,,,,,,
2000,2,-1.22,-1.189,-1.202791395,-1.032390578,2.123531,1.572648031,-0.83238334,0.443902764,-0.885852983,-0.789770076,-2.13,-1.122,-1.379958438,-0.960102312,1.4045384,1.245537727,-0.411924533,0.661153566,-1.017637566,-1.314640983,,,,,,,,,,,,,,,,,,,,
2000,3,-0.65,-1.09,-1.243721074,-0.09264312,2.1492677,0.476040613,-0.57246335,0.268078181,-1.397608949,-0.793147291,-1.22,-1.189,-1.202791395,-1.032390578,2.123531,1.572648031,-0.83238334,0.443902764,-0.885852983,-0.789770076,-2.13,-1.122,-1.379958438,-0.960102312,1.4045384,1.245537727,-0.411924533,0.661153566,-1.017637566,-1.314640983,,,,,,,,,,
2000,4,-0.64,-0.397,-0.822730081,0.095306372,2.3652706,0.00763727,-0.14872824,0.267777876,-1.666035703,-0.65217221,-0.65,-1.09,-1.243721074,-0.09264312,2.1492677,0.476040613,-0.57246335,0.268078181,-1.397608949,-0.793147291,-1.22,-1.189,-1.202791395,-1.032390578,2.123531,1.572648031,-0.83238334,0.443902764,-0.885852983,-0.789770076,-2.13,-1.122,-1.379958438,-0.960102312,1.4045384,1.245537727,-0.411924533,0.661153566,-1.017637566,-1.314640983
2000,5,-0.86,0.251,0.178292949,0.196509944,2.220292,-0.004101897,-0.10668236,0.074770183,-1.54720469,-0.582072059,-0.64,-0.397,-0.822730081,0.095306372,2.3652706,0.00763727,-0.14872824,0.267777876,-1.666035703,-0.65217221,-0.65,-1.09,-1.243721074,-0.09264312,2.1492677,0.476040613,-0.57246335,0.268078181,-1.397608949,-0.793147291,-1.22,-1.189,-1.202791395,-1.032390578,2.123531,1.572648031,-0.83238334,0.443902764,-0.885852983,-0.789770076
2000,6,-0.66,0.001,0.106373655,0.890477298,2.1020663,-0.527922569,0.564413581,-0.596274265,-0.843753881,1.12557875,-0.86,0.251,0.178292949,0.196509944,2.220292,-0.004101897,-0.10668236,0.074770183,-1.54720469,-0.582072059,-0.64,-0.397,-0.822730081,0.095306372,2.3652706,0.00763727,-0.14872824,0.267777876,-1.666035703,-0.65217221,-0.65,-1.09,-1.243721074,-0.09264312,2.1492677,0.476040613,-0.57246335,0.268078181,-1.397608949,-0.793147291
2000,7,-1.45,-0.157,0.433811094,0.904934951,1.655785,-0.917536006,0.196921662,-1.28600788,-0.48923986,0.903492315,-0.66,0.001,0.106373655,0.890477298,2.1020663,-0.527922569,0.564413581,-0.596274265,-0.843753881,1.12557875,-0.86,0.251,0.178292949,0.196509944,2.220292,-0.004101897,-0.10668236,0.074770183,-1.54720469,-0.582072059,-0.64,-0.397,-0.822730081,0.095306372,2.3652706,0.00763727,-0.14872824,0.267777876,-1.666035703,-0.65217221
2000,8,-1.74,-0.129,0.418023932,1.092884442,1.3516272,-1.182143177,0.458479803,-1.304610922,-0.573887841,0.903492315,-1.45,-0.157,0.433811094,0.904934951,1.655785,-0.917536006,0.196921662,-1.28600788,-0.48923986,0.903492315,-0.66,0.001,0.106373655,0.890477298,2.1020663,-0.527922569,0.564413581,-0.596274265,-0.843753881,1.12557875,-0.86,0.251,0.178292949,0.196509944,2.220292,-0.004101897,-0.10668236,0.074770183,-1.54720469,-0.582072059
2000,9,-1.55,-0.21,0.454275934,0.239882904,1.3801795,-1.151367523,0.283743676,-1.195705614,-0.718176217,0.552878293,-1.74,-0.129,0.418023932,1.092884442,1.3516272,-1.182143177,0.458479803,-1.304610922,-0.573887841,0.903492315,-1.45,-0.157,0.433811094,0.904934951,1.655785,-0.917536006,0.196921662,-1.28600788,-0.48923986,0.903492315,-0.66,0.001,0.106373655,0.890477298,2.1020663,-0.527922569,0.564413581,-0.596274265,-0.843753881,1.12557875
2000,10,-1.67,-0.367,-0.295321919,0.037475759,1.6981881,-0.534691097,-0.519496461,-1.001683306,-0.731489608,-0.973304826,-1.55,-0.21,0.454275934,0.239882904,1.3801795,-1.151367523,0.283743676,-1.195705614,-0.718176217,0.552878293,-1.74,-0.129,0.418023932,1.092884442,1.3516272,-1.182143177,0.458479803,-1.304610922,-0.573887841,0.903492315,-1.45,-0.157,0.433811094,0.904934951,1.655785,-0.917536006,0.196921662,-1.28600788,-0.48923986,0.903492315
2000,11,-1.06,-0.701,-0.737362462,-0.468542103,2.0145948,0.230258412,-0.785423006,0.155770928,-0.895478205,-0.762194759,-1.67,-0.367,-0.295321919,0.037475759,1.6981881,-0.534691097,-0.519496461,-1.001683306,-0.731489608,-0.973304826,-1.55,-0.21,0.454275934,0.239882904,1.3801795,-1.151367523,0.283743676,-1.195705614,-0.718176217,0.552878293,-1.74,-0.129,0.418023932,1.092884442,1.3516272,-1.182143177,0.458479803,-1.304610922,-0.573887841,0.903492315
2000,12,0.06,-0.55,-1.088773,-1.09022119,2.164995,0.97881539,-1.107592741,0.284657281,-0.913199408,-0.446613583,-1.06,-0.701,-0.737362462,-0.468542103,2.0145948,0.230258412,-0.785423006,0.155770928,-0.895478205,-0.762194759,-1.67,-0.367,-0.295321919,0.037475759,1.6981881,-0.534691097,-0.519496461,-1.001683306,-0.731489608,-0.973304826,-1.55,-0.21,0.454275934,0.239882904,1.3801795,-1.151367523,0.283743676,-1.195705614,-0.718176217,0.552878293
2001,1,0.64,-0.496,-1.193436039,-1.09022119,2.8619328,1.310261783,-0.766857292,0.321691114,-0.741384696,-0.485827383,0.06,-0.55,-1.088773,-1.09022119,2.164995,0.97881539,-1.107592741,0.284657281,-0.913199408,-0.446613583,-1.06,-0.701,-0.737362462,-0.468542103,2.0145948,0.230258412,-0.785423006,0.155770928,-0.895478205,-0.762194759,-1.67,-0.367,-0.295321919,0.037475759,1.6981881,-0.534691097,-0.519496461,-1.001683306,-0.731489608,-0.973304826
2001,2,0.05,-0.649,-1.434336441,-0.164931386,2.9560468,0.760636096,-0.07937984,1.330949199,-1.65623057,-1.086777663,0.64,-0.496,-1.193436039,-1.09022119,2.8619328,1.310261783,-0.766857292,0.321691114,-0.741384696,-0.485827383,0.06,-0.55,-1.088773,-1.09022119,2.164995,0.97881539,-1.107592741,0.284657281,-0.913199408,-0.446613583,-1.06,-0.701,-0.737362462,-0.468542103,2.0145948,0.230258412,-0.785423006,0.155770928,-0.895478205,-0.762194759
2001,3,-0.3,-0.548,-1.43725999,0.095306372,2.388775,0.410893523,-0.046070765,0.469137446,-1.765166495,-1.476083547,0.05,-0.649,-1.434336441,-0.164931386,2.9560468,0.760636096,-0.07937984,1.330949199,-1.65623057,-1.086777663,0.64,-0.496,-1.193436039,-1.09022119,2.8619328,1.310261783,-0.766857292,0.321691114,-0.741384696,-0.485827383,0.06,-0.55,-1.088773,-1.09022119,2.164995,0.97881539,-1.107592741,0.284657281,-0.913199408,-0.446613583
2001,4,-1.23,-0.05,-1.229103332,0.095306372,2.2039413,-0.006428579,0.49506518,0.120588787,-2.275663086,-1.133921103,-0.3,-0.548,-1.43725999,0.095306372,2.388775,0.410893523,-0.046070765,0.469137446,-1.765166495,-1.476083547,0.05,-0.649,-1.434336441,-0.164931386,2.9560468,0.760636096,-0.07937984,1.330949199,-1.65623057,-1.086777663,0.64,-0.496,-1.193436039,-1.09022119,2.8619328,1.310261783,-0.766857292,0.321691114,-0.741384696,-0.485827383
2001,5,-1.1,0.282,-0.508156255,0.745900766,1.9538953,-0.321482441,0.579156941,-0.102819966,-1.380427478,-1.138538692,-1.23,-0.05,-1.229103332,0.095306372,2.2039413,-0.006428579,0.49506518,0.120588787,-2.275663086,-1.133921103,-0.3,-0.548,-1.43725999,0.095306372,2.388775,0.410893523,-0.046070765,0.469137446,-1.765166495,-1.476083547,0.05,-0.649,-1.434336441,-0.164931386,2.9560468,0.760636096,-0.07937984,1.330949199,-1.65623057,-1.086777663
2001,6,-1.28,0.052,0.870589251,0.63023954,2.349303,-0.783223013,0.09754049,-0.836821931,-1.105793805,-0.123451339,-1.1,0.282,-0.508156255,0.745900766,1.9538953,-0.321482441,0.579156941,-0.102819966,-1.380427478,-1.138538692,-1.23,-0.05,-1.229103332,0.095306372,2.2039413,-0.006428579,0.49506518,0.120588787,-2.275663086,-1.133921103,-0.3,-0.548,-1.43725999,0.095306372,2.388775,0.410893523,-0.046070765,0.469137446,-1.765166495,-1.476083547
2001,7,-2.31,0.299,0.030361392,2.0326319,1.5004872,-1.24528086,-0.034057657,-1.26942878,-0.593947884,-0.534605678,-1.28,0.052,0.870589251,0.63023954,2.349303,-0.783223013,0.09754049,-0.836821931,-1.105793805,-0.123451339,-1.1,0.282,-0.508156255,0.745900766,1.9538953,-0.321482441,0.579156941,-0.102819966,-1.380427478,-1.138538692,-1.23,-0.05,-1.229103332,0.095306372,2.2039413,-0.006428579,0.49506518,0.120588787,-2.275663086,-1.133921103
2001,8,-1.86,0.35,0.982268806,0.384459436,1.9150242,-1.1235531,-0.7777783,-1.205566949,-0.469629595,-0.123451339,-2.31,0.299,0.030361392,2.0326319,1.5004872,-1.24528086,-0.034057657,-1.26942878,-0.593947884,-0.534605678,-1.28,0.052,0.870589251,0.63023954,2.349303,-0.783223013,0.09754049,-0.836821931,-1.105793805,-0.123451339,-1.1,0.282,-0.508156255,0.745900766,1.9538953,-0.321482441,0.579156941,-0.102819966,-1.380427478,-1.138538692
2001,9,-2.13,-0.147,0.23793334,0.500120661,1.8929954,-1.072048827,-0.485641337,-0.971909298,-0.154965793,1.827032794,-1.86,0.35,0.982268806,0.384459436,1.9150242,-1.1235531,-0.7777783,-1.205566949,-0.469629595,-0.123451339,-2.31,0.299,0.030361392,2.0326319,1.5004872,-1.24528086,-0.034057657,-1.26942878,-0.593947884,-0.534605678,-1.28,0.052,0.870589251,0.63023954,2.349303,-0.783223013,0.09754049,-0.836821931,-1.105793805,-0.123451339
2001,10,-1.87,-0.255,-0.239189786,0.124221678,1.1619115,-0.755197074,0.006350073,-0.853788595,-0.381923132,-0.349994524,-2.13,-0.147,0.23793334,0.500120661,1.8929954,-1.072048827,-0.485641337,-0.971909298,-0.154965793,1.827032794,-1.86,0.35,0.982268806,0.384459436,1.9150242,-1.1235531,-0.7777783,-1.205566949,-0.469629595,-0.123451339,-2.31,0.299,0.030361392,2.0326319,1.5004872,-1.24528086,-0.034057657,-1.26942878,-0.593947884,-0.534605678
2001,11,-1.17,-0.138,-0.461964187,-1.625154359,1.7645249,-0.111552291,0.567143833,0.131828124,-0.033705986,-0.734032454,-1.87,-0.255,-0.239189786,0.124221678,1.1619115,-0.755197074,0.006350073,-0.853788595,-0.381923132,-0.349994524,-2.13,-0.147,0.23793334,0.500120661,1.8929954,-1.072048827,-0.485641337,-0.971909298,-0.154965793,1.827032794,-1.86,0.35,0.982268806,0.384459436,1.9150242,-1.1235531,-0.7777783,-1.205566949,-0.469629595,-0.123451339
2001,12,-0.99,0.033,-0.349699922,-2.232375793,2.019483,0.702257535,-0.906646194,0.514223985,-0.848431559,1.491082925,-1.17,-0.138,-0.461964187,-1.625154359,1.7645249,-0.111552291,0.567143833,0.131828124,-0.033705986,-0.734032454,-1.87,-0.255,-0.239189786,0.124221678,1.1619115,-0.755197074,0.006350073,-0.853788595,-0.381923132,-0.349994524,-2.13,-0.147,0.23793334,0.500120661,1.8929954,-1.072048827,-0.485641337,-0.971909298,-0.154965793,1.827032794
2002,1,-0.34,0.017,0.971159321,-1.162509456,1.8641573,1.151941665,-1.254480298,0.758647285,-0.530079588,1.354204475,-0.99,0.033,-0.349699922,-2.232375793,2.019483,0.702257535,-0.906646194,0.514223985,-0.848431559,1.491082925,-1.17,-0.138,-0.461964187,-1.625154359,1.7645249,-0.111552291,0.567143833,0.131828124,-0.033705986,-0.734032454,-1.87,-0.255,-0.239189786,0.124221678,1.1619115,-0.755197074,0.006350073,-0.853788595,-0.381923132,-0.349994524
2002,2,-1.29,-0.16,-1.455385991,-0.323965571,2.1773567,0.710718196,-0.102860007,1.187417786,-0.977427526,-0.525250605,-0.34,0.017,0.971159321,-1.162509456,1.8641573,1.151941665,-1.254480298,0.758647285,-0.530079588,1.354204475,-0.99,0.033,-0.349699922,-2.232375793,2.019483,0.702257535,-0.906646194,0.514223985,-0.848431559,1.491082925,-1.17,-0.138,-0.461964187,-1.625154359,1.7645249,-0.111552291,0.567143833,0.131828124,-0.033705986,-0.734032454
2002,3,-1.13,-0.118,-1.602732839,0.008560453,1.8982763,0.495394375,-0.251931766,1.059138087,-1.38870337,-0.592861153,-1.29,-0.16,-1.455385991,-0.323965571,2.1773567,0.710718196,-0.102860007,1.187417786,-0.977427526,-0.525250605,-0.34,0.017,0.971159321,-1.162509456,1.8641573,1.151941665,-1.254480298,0.758647285,-0.530079588,1.354204475,-0.99,0.033,-0.349699922,-2.232375793,2.019483,0.702257535,-0.906646194,0.514223985,-0.848431559,1.491082925
2002,4,-1.23,0.401,-1.329088693,0.341086476,0.89742213,-0.470390074,0.63157778,0.608617198,-1.748524756,-1.476083547,-1.13,-0.118,-1.602732839,0.008560453,1.8982763,0.495394375,-0.251931766,1.059138087,-1.38870337,-0.592861153,-1.29,-0.16,-1.455385991,-0.323965571,2.1773567,0.710718196,-0.102860007,1.187417786,-0.977427526,-0.525250605,-0.34,0.017,0.971159321,-1.162509456,1.8641573,1.151941665,-1.254480298,0.758647285,-0.530079588,1.354204475
2002,5,-1.57,0.886,-0.4146027,0.297713516,1.102573,-1.046561085,1.468673041,-0.078791037,-1.321776592,-0.517361015,-1.23,0.401,-1.329088693,0.341086476,0.89742213,-0.470390074,0.63157778,0.608617198,-1.748524756,-1.476083547,-1.13,-0.118,-1.602732839,0.008560453,1.8982763,0.495394375,-0.251931766,1.059138087,-1.38870337,-0.592861153,-1.29,-0.16,-1.455385991,-0.323965571,2.1773567,0.710718196,-0.102860007,1.187417786,-0.977427526,-0.525250605
2002,6,-1.27,0.932,1.022613776,0.529035968,1.6053913,-1.224657999,1.640678917,-0.627107084,-0.797966609,-1.108400778,-1.57,0.886,-0.4146027,0.297713516,1.102573,-1.046561085,1.468673041,-0.078791037,-1.321776592,-0.517361015,-1.23,0.401,-1.329088693,0.341086476,0.89742213,-0.470390074,0.63157778,0.608617198,-1.748524756,-1.476083547,-1.13,-0.118,-1.602732839,0.008560453,1.8982763,0.495394375,-0.251931766,1.059138087,-1.38870337,-0.592861153
2002,7,-0.97,0.716,0.50397626,1.584444651,1.3822964,-1.2963621,1.386219431,-1.134858165,0.165365196,1.221876243,-1.27,0.932,1.022613776,0.529035968,1.6053913,-1.224657999,1.640678917,-0.627107084,-0.797966609,-1.108400778,-1.57,0.886,-0.4146027,0.297713516,1.102573,-1.046561085,1.468673041,-0.078791037,-1.321776592,-0.517361015,-1.23,0.401,-1.329088693,0.341086476,0.89742213,-0.470390074,0.63157778,0.608617198,-1.748524756,-1.476083547
2002,8,-0.15,1.025,-0.257900497,1.410952813,0.8118436,-1.634259747,0.914431886,-1.231835133,-0.360153938,2.113713029,-0.97,0.716,0.50397626,1.584444651,1.3822964,-1.2963621,1.386219431,-1.134858165,0.165365196,1.221876243,-1.27,0.932,1.022613776,0.529035968,1.6053913,-1.224657999,1.640678917,-0.627107084,-0.797966609,-1.108400778,-1.57,0.886,-0.4146027,0.297713516,1.102573,-1.046561085,1.468673041,-0.078791037,-1.321776592,-0.517361015
2002,9,-0.38,0.921,0.002295326,0.442290048,0.8244111,-1.225609823,0.771366682,-1.311888501,-0.609510159,0.523945207,-0.15,1.025,-0.257900497,1.410952813,0.8118436,-1.634259747,0.914431886,-1.231835133,-0.360153938,2.113713029,-0.97,0.716,0.50397626,1.584444651,1.3822964,-1.2963621,1.386219431,-1.134858165,0.165365196,1.221876243,-1.27,0.932,1.022613776,0.529035968,1.6053913,-1.224657999,1.640678917,-0.627107084,-0.797966609,-1.108400778
2002,10,-0.25,1.02,-0.867752729,0.283255863,0.8236371,-0.535854438,1.153055911,-1.233902138,-0.693798318,0.859497279,-0.38,0.921,0.002295326,0.442290048,0.8244111,-1.225609823,0.771366682,-1.311888501,-0.609510159,0.523945207,-0.15,1.025,-0.257900497,1.410952813,0.8118436,-1.634259747,0.914431886,-1.231835133,-0.360153938,2.113713029,-0.97,0.716,0.50397626,1.584444651,1.3822964,-1.2963621,1.386219431,-1.134858165,0.165365196,1.221876243
2002,11,1.04,1.101,-0.581244969,-1.567323746,1.6592152,1.207570511,-0.553351586,0.247537322,0.817271592,0.104960787,-0.25,1.02,-0.867752729,0.283255863,0.8236371,-0.535854438,1.153055911,-1.233902138,-0.693798318,0.859497279,-0.38,0.921,0.002295326,0.442290048,0.8244111,-1.225609823,0.771366682,-1.311888501,-0.609510159,0.523945207,-0.15,1.025,-0.257900497,1.410952813,0.8118436,-1.634259747,0.914431886,-1.231835133,-0.360153938,2.113713029
2002,12,1.63,1.156,0.008142423,-3.099834985,2.636547,2.593744051,-1.495288524,0.816394228,1.06608808,-0.502603031,1.04,1.101,-0.581244969,-1.567323746,1.6592152,1.207570511,-0.553351586,0.247537322,0.817271592,0.104960787,-0.25,1.02,-0.867752729,0.283255863,0.8236371,-0.535854438,1.153055911,-1.233902138,-0.693798318,0.859497279,-0.38,0.921,0.002295326,0.442290048,0.8244111,-1.225609823,0.771366682,-1.311888501,-0.609510159,0.523945207
2003,1,1.58,1.214,-0.523943417,-2.911885493,1.9691832,2.141310206,-1.040428542,0.996137508,1.165668649,-1.247391024,1.63,1.156,0.008142423,-3.099834985,2.636547,2.593744051,-1.495288524,0.816394228,1.06608808,-0.502603031,1.04,1.101,-0.581244969,-1.567323746,1.6592152,1.207570511,-0.553351586,0.247537322,0.817271592,0.104960787,-0.25,1.02,-0.867752729,0.283255863,0.8236371,-0.535854438,1.153055911,-1.233902138,-0.693798318,0.859497279
2003,2,1.32,0.944,-0.811035886,0.095306372,0.9925656,1.009591044,0.188184856,1.332757828,0.797841237,-0.774477387,1.58,1.214,-0.523943417,-2.911885493,1.9691832,2.141310206,-1.040428542,0.996137508,1.165668649,-1.247391024,1.63,1.156,0.008142423,-3.099834985,2.636547,2.593744051,-1.495288524,0.816394228,1.06608808,-0.502603031,1.04,1.101,-0.581244969,-1.567323746,1.6592152,1.207570511,-0.553351586,0.247537322,0.817271592,0.104960787
2003,3,1.08,0.83,-0.855473825,-1.09022119,1.4907115,0.709343339,-0.437588901,0.731431724,0.243626347,-1.099547392,1.32,0.944,-0.811035886,0.095306372,0.9925656,1.009591044,0.188184856,1.332757828,0.797841237,-0.774477387,1.58,1.214,-0.523943417,-2.911885493,1.9691832,2.141310206,-1.040428542,0.996137508,1.165668649,-1.247391024,1.63,1.156,0.008142423,-3.099834985,2.636547,2.593744051,-1.495288524,0.816394228,1.06608808,-0.502603031
2003,4,0.32,0.413,-0.691170395,-0.150473733,1.1017216,0.004887555,0.216579476,0.666622516,-0.412777816,-0.892936383,1.08,0.83,-0.855473825,-1.09022119,1.4907115,0.709343339,-0.437588901,0.731431724,0.243626347,-1.099547392,1.32,0.944,-0.811035886,0.095306372,0.9925656,1.009591044,0.188184856,1.332757828,0.797841237,-0.774477387,1.58,1.214,-0.523943417,-2.911885493,1.9691832,2.141310206,-1.040428542,0.996137508,1.165668649,-1.247391024
2003,5,0.06,0.214,0.385280188,0.485663008,0.9192588,-0.546536023,0.868017602,0.049923065,-0.622643639,-0.33950192,0.32,0.413,-0.691170395,-0.150473733,1.1017216,0.004887555,0.216579476,0.666622516,-0.412777816,-0.892936383,1.08,0.83,-0.855473825,-1.09022119,1.4907115,0.709343339,-0.437588901,0.731431724,0.243626347,-1.099547392,1.32,0.944,-0.811035886,0.095306372,0.9925656,1.009591044,0.188184856,1.332757828,0.797841237,-0.774477387
2003,6,-0.51,0.107,0.762417953,1.251918627,0.77769154,-1.377795962,1.285746158,-0.692562232,-0.240063551,0.850262049,0.06,0.214,0.385280188,0.485663008,0.9192588,-0.546536023,0.868017602,0.049923065,-0.622643639,-0.33950192,0.32,0.413,-0.691170395,-0.150473733,1.1017216,0.004887555,0.216579476,0.666622516,-0.412777816,-0.892936383,1.08,0.83,-0.855473825,-1.09022119,1.4907115,0.709343339,-0.437588901,0.731431724,0.243626347,-1.099547392
2003,7,0.11,0.178,1.078161199,1.439868119,1.2024409,-1.494447325,1.410245649,-1.067206825,0.264855809,1.354204475,-0.51,0.107,0.762417953,1.251918627,0.77769154,-1.377795962,1.285746158,-0.692562232,-0.240063551,0.850262049,0.06,0.214,0.385280188,0.485663008,0.9192588,-0.546536023,0.868017602,0.049923065,-0.622643639,-0.33950192,0.32,0.413,-0.691170395,-0.150473733,1.1017216,0.004887555,0.216579476,0.666622516,-0.412777816,-0.892936383
2003,8,0.4,0.329,0.64606072,1.179630361,0.78228796,-0.679474158,0.87893861,-1.001837803,0.773643249,0.605441611,0.11,0.178,1.078161199,1.439868119,1.2024409,-1.494447325,1.410245649,-1.067206825,0.264855809,1.354204475,-0.51,0.107,0.762417953,1.251918627,0.77769154,-1.377795962,1.285746158,-0.692562232,-0.240063551,0.850262049,0.06,0.214,0.385280188,0.485663008,0.9192588,-0.546536023,0.868017602,0.049923065,-0.622643639,-0.33950192
2003,9,-0.46,0.492,-0.219309656,0.500120661,0.8692253,-1.134128926,1.553310853,-1.19497355,0.450883466,0.916449909,0.4,0.329,0.64606072,1.179630361,0.78228796,-0.679474158,0.87893861,-1.001837803,0.773643249,0.605441611,0.11,0.178,1.078161199,1.439868119,1.2024409,-1.494447325,1.410245649,-1.067206825,0.264855809,1.354204475,-0.51,0.107,0.762417953,1.251918627,0.77769154,-1.377795962,1.285746158,-0.692562232,-0.240063551,0.850262049
2003,10,0.54,0.534,0.670618528,-0.136016079,1.286991,-0.392869268,0.489604676,-0.804697234,0.824737886,-0.64482283,-0.46,0.492,-0.219309656,0.500120661,0.8692253,-1.134128926,1.553310853,-1.19497355,0.450883466,0.916449909,0.4,0.329,0.64606072,1.179630361,0.78228796,-0.679474158,0.87893861,-1.001837803,0.773643249,0.605441611,0.11,0.178,1.078161199,1.439868119,1.2024409,-1.494447325,1.410245649,-1.067206825,0.264855809,1.354204475
2003,11,-0.19,0.584,-0.163177523,-0.396253837,-0.11436786,0.514219345,-0.73682452,0.329485444,0.499189487,-1.033464185,0.54,0.534,0.670618528,-0.136016079,1.286991,-0.392869268,0.489604676,-0.804697234,0.824737886,-0.64482283,-0.46,0.492,-0.219309656,0.500120661,0.8692253,-1.134128926,1.553310853,-1.19497355,0.450883466,0.916449909,0.4,0.329,0.64606072,1.179630361,0.78228796,-0.679474158,0.87893861,-1.001837803,0.773643249,0.605441611
2003,12,-0.41,0.362,-0.508156255,-2.868512533,0.22437689,1.708758914,-2.098128165,0.955271103,0.852264222,-0.773653456,-0.19,0.584,-0.163177523,-0.396253837,-0.11436786,0.514219345,-0.73682452,0.329485444,0.499189487,-1.033464185,0.54,0.534,0.670618528,-0.136016079,1.286991,-0.392869268,0.489604676,-0.804697234,0.824737886,-0.64482283,-0.46,0.492,-0.219309656,0.500120661,0.8692253,-1.134128926,1.553310853,-1.19497355,0.450883466,0.916449909
2004,1,-0.42,0.332,-0.90634357,-2.160087527,0.26501486,1.752437077,-1.389900797,1.227039152,1.032534736,-0.938019083,-0.41,0.362,-0.508156255,-2.868512533,0.22437689,1.708758914,-2.098128165,0.955271103,0.852264222,-0.773653456,-0.19,0.584,-0.163177523,-0.396253837,-0.11436786,0.514219345,-0.73682452,0.329485444,0.499189487,-1.033464185,0.54,0.534,0.670618528,-0.136016079,1.286991,-0.392869268,0.489604676,-0.804697234,0.824737886,-0.64482283
2004,2,-0.11,0.37,-1.052520998,-1.321543641,0.6672296,1.123175418,-1.084658624,1.599444491,1.011035408,-0.789770076,-0.42,0.332,-0.90634357,-2.160087527,0.26501486,1.752437077,-1.389900797,1.227039152,1.032534736,-0.938019083,-0.41,0.362,-0.508156255,-2.868512533,0.22437689,1.708758914,-2.098128165,0.955271103,0.852264222,-0.773653456,-0.19,0.584,-0.163177523,-0.396253837,-0.11436786,0.514219345,-0.73682452,0.329485444,0.499189487,-1.033464185
2004,3,-0.13,-0.036,-0.908682408,0.023018106,0.38293236,0.4208348,0.23459914,0.781556587,0.723088344,-0.30105425,-0.11,0.37,-1.052520998,-1.321543641,0.6672296,1.123175418,-1.084658624,1.599444491,1.011035408,-0.789770076,-0.42,0.332,-0.90634357,-2.160087527,0.26501486,1.752437077,-1.389900797,1.227039152,1.032534736,-0.938019083,-0.41,0.362,-0.508156255,-2.868512533,0.22437689,1.708758914,-2.098128165,0.955271103,0.852264222,-0.773653456
2004,4,-0.2,0.358,-0.530959933,0.109764025,0.1252492,-0.029166605,0.926991045,0.320614549,0.20278662,-0.24307344,-0.13,-0.036,-0.908682408,0.023018106,0.38293236,0.4208348,0.23459914,0.781556587,0.723088344,-0.30105425,-0.11,0.37,-1.052520998,-1.321543641,0.6672296,1.123175418,-1.084658624,1.599444491,1.011035408,-0.789770076,-0.42,0.332,-0.90634357,-2.160087527,0.26501486,1.752437077,-1.389900797,1.227039152,1.032534736,-0.938019083
2004,5,0.23,0.558,1.161189978,0.326628823,0.20735337,-0.665091034,1.020911714,-0.157208026,0.429114272,-0.683897067,-0.2,0.358,-0.530959933,0.109764025,0.1252492,-0.029166605,0.926991045,0.320614549,0.20278662,-0.24307344,-0.13,-0.036,-0.908682408,0.023018106,0.38293236,0.4208348,0.23459914,0.781556587,0.723088344,-0.30105425,-0.11,0.37,-1.052520998,-1.321543641,0.6672296,1.123175418,-1.084658624,1.599444491,1.011035408,-0.789770076
2004,6,-0.49,0.315,1.717248916,0.716985459,0.7764751,-1.079874938,1.207660951,-0.825281155,0.648605317,0.18084583,0.23,0.558,1.161189978,0.326628823,0.20735337,-0.665091034,1.020911714,-0.157208026,0.429114272,-0.683897067,-0.2,0.358,-0.530959933,0.109764025,0.1252492,-0.029166605,0.926991045,0.320614549,0.20278662,-0.24307344,-0.13,-0.036,-0.908682408,0.023018106,0.38293236,0.4208348,0.23459914,0.781556587,0.723088344,-0.30105425
2004,7,-0.24,0.574,1.543005421,0.861561991,0.41156805,-1.173682516,0.360190731,-1.204964073,0.691603973,1.356641252,-0.49,0.315,1.717248916,0.716985459,0.7764751,-1.079874938,1.207660951,-0.825281155,0.648605317,0.18084583,0.23,0.558,1.161189978,0.326628823,0.20735337,-0.665091034,1.020911714,-0.157208026,0.429114272,-0.683897067,-0.2,0.358,-0.530959933,0.109764025,0.1252492,-0.029166605,0.926991045,0.320614549,0.20278662,-0.24307344
2004,8,0.02,0.639,1.288071986,0.398917089,0.68538326,-1.098171117,-0.347490586,-1.146743442,0.543357562,1.26893208,-0.24,0.574,1.543005421,0.861561991,0.41156805,-1.173682516,0.360190731,-1.204964073,0.691603973,1.356641252,-0.49,0.315,1.717248916,0.716985459,0.7764751,-1.079874938,1.207660951,-0.825281155,0.648605317,0.18084583,0.23,0.558,1.161189978,0.326628823,0.20735337,-0.665091034,1.020911714,-0.157208026,0.429114272,-0.683897067
2004,9,-0.17,0.591,1.818403697,0.341086476,0.3764023,-0.860320786,-1.150730722,-1.074527467,0.835892349,0.360917296,0.02,0.639,1.288071986,0.398917089,0.68538326,-1.098171117,-0.347490586,-1.146743442,0.543357562,1.26893208,-0.24,0.574,1.543005421,0.861561991,0.41156805,-1.173682516,0.360190731,-1.204964073,0.691603973,1.356641252,-0.49,0.315,1.717248916,0.716985459,0.7764751,-1.079874938,1.207660951,-0.825281155,0.648605317,0.18084583
2004,10,-0.76,0.524,0.629104139,0.124221678,0.042904183,-0.56800495,0.192007209,-0.900985201,0.1587085,0.013613325,-0.17,0.591,1.818403697,0.341086476,0.3764023,-0.860320786,-1.150730722,-1.074527467,0.835892349,0.360917296,0.02,0.639,1.288071986,0.398917089,0.68538326,-1.098171117,-0.347490586,-1.146743442,0.543357562,1.26893208,-0.24,0.574,1.543005421,0.861561991,0.41156805,-1.173682516,0.360190731,-1.204964073,0.691603973,1.356641252
2004,11,-1.24,0.818,-0.321633856,0.095306372,-0.44177726,0.297626425,-0.8460346,0.267130804,0.054180388,-0.734032454,-0.76,0.524,0.629104139,0.124221678,0.042904183,-0.56800495,0.192007209,-0.900985201,0.1587085,0.013613325,-0.17,0.591,1.818403697,0.341086476,0.3764023,-0.860320786,-1.150730722,-1.074527467,0.835892349,0.360917296,0.02,0.639,1.288071986,0.398917089,0.68538326,-1.098171117,-0.347490586,-1.146743442,0.543357562,1.26893208
2004,12,-0.74,0.684,-0.924469571,-0.136016079,-0.98521197,0.749637236,-1.02350098,0.499927203,-0.106030084,-0.857887386,-1.24,0.818,-0.321633856,0.095306372,-0.44177726,0.297626425,-0.8460346,0.267130804,0.054180388,-0.734032454,-0.76,0.524,0.629104139,0.124221678,0.042904183,-0.56800495,0.192007209,-0.900985201,0.1587085,0.013613325,-0.17,0.591,1.818403697,0.341086476,0.3764023,-0.860320786,-1.150730722,-1.074527467,0.835892349,0.360917296
2005,1,-0.13,0.325,-0.581244969,-0.989017618,-1.6584775,1.914987525,-1.417749368,0.758044409,0.055979495,-1.254277954,-0.74,0.684,-0.924469571,-0.136016079,-0.98521197,0.749637236,-1.02350098,0.499927203,-0.106030084,-0.857887386,-1.24,0.818,-0.321633856,0.095306372,-0.44177726,0.297626425,-0.8460346,0.267130804,0.054180388,-0.734032454,-0.76,0.524,0.629104139,0.124221678,0.042904183,-0.56800495,0.192007209,-0.900985201,0.1587085,0.013613325
2005,2,0.17,0.816,-0.691170395,0.153136985,-1.4945695,1.111859284,-0.474720329,1.303905888,0.322697097,-0.204829747,-0.13,0.325,-0.581244969,-0.989017618,-1.6584775,1.914987525,-1.417749368,0.758044409,0.055979495,-1.254277954,-0.74,0.684,-0.924469571,-0.136016079,-0.98521197,0.749637236,-1.02350098,0.499927203,-0.106030084,-0.857887386,-1.24,0.818,-0.321633856,0.095306372,-0.44177726,0.297626425,-0.8460346,0.267130804,0.054180388,-0.734032454
2005,3,0.69,1.057,-0.732100075,-0.034812507,-1.4867297,0.976171434,-0.130162527,0.811355904,0.106894221,-1.128871646,0.17,0.816,-0.691170395,0.153136985,-1.4945695,1.111859284,-0.474720329,1.303905888,0.322697097,-0.204829747,-0.13,0.325,-0.581244969,-0.989017618,-1.6584775,1.914987525,-1.417749368,0.758044409,0.055979495,-1.254277954,-0.74,0.684,-0.924469571,-0.136016079,-0.98521197,0.749637236,-1.02350098,0.499927203,-0.106030084,-0.857887386
2005,4,0.21,0.626,-0.285966563,-0.04927016,-1.6860675,0.123971358,0.414795771,0.632301626,-0.574517529,-0.96574747,0.69,1.057,-0.732100075,-0.034812507,-1.4867297,0.976171434,-0.130162527,0.811355904,0.106894221,-1.128871646,0.17,0.816,-0.691170395,0.153136985,-1.4945695,1.111859284,-0.474720329,1.303905888,0.322697097,-0.204829747,-0.13,0.325,-0.581244969,-0.989017618,-1.6584775,1.914987525,-1.417749368,0.758044409,0.055979495,-1.254277954
2005,5,1.06,0.885,0.875851638,0.066391065,-0.79030764,0.155593079,0.22203998,-0.118419959,-0.081382319,-1.044248288,0.21,0.626,-0.285966563,-0.04927016,-1.6860675,0.123971358,0.414795771,0.632301626,-0.574517529,-0.96574747,0.69,1.057,-0.732100075,-0.034812507,-1.4867297,0.976171434,-0.130162527,0.811355904,0.106894221,-1.128871646,0.17,0.816,-0.691170395,0.153136985,-1.4945695,1.111859284,-0.474720329,1.303905888,0.322697097,-0.204829747
2005,6,0.56,0.589,1.984461255,0.427832395,-1.2837522,-0.774550836,1.052036587,-0.533058373,-0.255176049,-0.374013991,1.06,0.885,0.875851638,0.066391065,-0.79030764,0.155593079,0.22203998,-0.118419959,-0.081382319,-1.044248288,0.21,0.626,-0.285966563,-0.04927016,-1.6860675,0.123971358,0.414795771,0.632301626,-0.574517529,-0.96574747,0.69,1.057,-0.732100075,-0.034812507,-1.4867297,0.976171434,-0.130162527,0.811355904,0.106894221,-1.128871646
2005,7,-0.2,0.519,1.394489154,1.150715055,-1.6639054,-1.23248411,0.783379791,-1.007866566,0.555861355,1.905944093,0.56,0.589,1.984461255,0.427832395,-1.2837522,-0.774550836,1.052036587,-0.533058373,-0.255176049,-0.374013991,1.06,0.885,0.875851638,0.066391065,-0.79030764,0.155593079,0.22203998,-0.118419959,-0.081382319,-1.044248288,0.21,0.626,-0.285966563,-0.04927016,-1.6860675,0.123971358,0.414795771,0.632301626,-0.574517529,-0.96574747
2005,8,-0.61,0.362,0.239687469,1.439868119,-1.1305807,-1.644729815,-0.470897976,-1.238122272,0.501348415,1.913652036,-0.2,0.519,1.394489154,1.150715055,-1.6639054,-1.23248411,0.783379791,-1.007866566,0.555861355,1.905944093,0.56,0.589,1.984461255,0.427832395,-1.2837522,-0.774550836,1.052036587,-0.533058373,-0.255176049,-0.374013991,1.06,0.885,0.875851638,0.066391065,-0.79030764,0.155593079,0.22203998,-0.118419959,-0.081382319,-1.044248288
2005,9,-1.11,0.329,0.049656812,0.876019644,-1.5729473,-1.09193138,-0.728087714,-1.182571522,-0.291248143,1.114960321,-0.61,0.362,0.239687469,1.439868119,-1.1305807,-1.644729815,-0.470897976,-1.238122272,0.501348415,1.913652036,-0.2,0.519,1.394489154,1.150715055,-1.6639054,-1.23248411,0.783379791,-1.007866566,0.555861355,1.905944093,0.56,0.589,1.984461255,0.427832395,-1.2837522,-0.774550836,1.052036587,-0.533058373,-0.255176049,-0.374013991
2005,10,-2.05,-0.152,0.403406189,-0.251677305,-0.8893114,0.08981144,-1.482729365,-0.765036582,-0.427350582,-0.231502316,-1.11,0.329,0.049656812,0.876019644,-1.5729473,-1.09193138,-0.728087714,-1.182571522,-0.291248143,1.114960321,-0.61,0.362,0.239687469,1.439868119,-1.1305807,-1.644729815,-0.470897976,-1.238122272,0.501348415,1.913652036,-0.2,0.519,1.394489154,1.150715055,-1.6639054,-1.23248411,0.783379791,-1.007866566,0.555861355,1.905944093
2005,11,-1.84,-0.374,-0.148559781,-0.078185467,-1.6610364,0.4950771,-1.487643819,0.541181171,-0.067889017,-0.973304826,-2.05,-0.152,0.403406189,-0.251677305,-0.8893114,0.08981144,-1.482729365,-0.765036582,-0.427350582,-0.231502316,-1.11,0.329,0.049656812,0.876019644,-1.5729473,-1.09193138,-0.728087714,-1.182571522,-0.291248143,1.114960321,-0.61,0.362,0.239687469,1.439868119,-1.1305807,-1.644729815,-0.470897976,-1.238122272,0.501348415,1.913652036
2005,12,-0.1,-0.55,-0.744378979,-1.13359415,-1.2528956,1.4455266,-2.91338141,1.784613658,0.113191095,-0.782813316,-1.84,-0.374,-0.148559781,-0.078185467,-1.6610364,0.4950771,-1.487643819,0.541181171,-0.067889017,-0.973304826,-2.05,-0.152,0.403406189,-0.251677305,-0.8893114,0.08981144,-1.482729365,-0.765036582,-0.427350582,-0.231502316,-1.11,0.329,0.049656812,0.876019644,-1.5729473,-1.09193138,-0.728087714,-1.182571522,-0.291248143,1.114960321
2006,1,0.54,-0.428,-0.324557404,-2.17454518,-0.6465035,1.573705614,-1.36587458,1.19034982,-0.172237219,-0.999108622,-0.1,-0.55,-0.744378979,-1.13359415,-1.2528956,1.4455266,-2.91338141,1.784613658,0.113191095,-0.782813316,-1.84,-0.374,-0.148559781,-0.078185467,-1.6610364,0.4950771,-1.487643819,0.541181171,-0.067889017,-0.973304826,-2.05,-0.152,0.403406189,-0.251677305,-0.8893114,0.08981144,-1.482729365,-0.765036582,-0.427350582,-0.231502316
2006,2,0.38,-0.414,-0.943180282,0.095306372,-1.0694165,1.090496115,-0.136169081,1.248441263,-0.281802831,-0.840030931,0.54,-0.428,-0.324557404,-2.17454518,-0.6465035,1.573705614,-1.36587458,1.19034982,-0.172237219,-0.999108622,-0.1,-0.55,-0.744378979,-1.13359415,-1.2528956,1.4455266,-2.91338141,1.784613658,0.113191095,-0.782813316,-1.84,-0.374,-0.148559781,-0.078185467,-1.6610364,0.4950771,-1.487643819,0.541181171,-0.067889017,-0.973304826
2006,3,-0.72,-0.521,-1.064215192,-0.887814046,-0.7099621,1.378264346,-0.061360177,0.979644533,-1.028792028,-1.161007936,0.38,-0.414,-0.943180282,0.095306372,-1.0694165,1.090496115,-0.136169081,1.248441263,-0.281802831,-0.840030931,0.54,-0.428,-0.324557404,-2.17454518,-0.6465035,1.573705614,-1.36587458,1.19034982,-0.172237219,-0.999108622,-0.1,-0.55,-0.744378979,-1.13359415,-1.2528956,1.4455266,-2.91338141,1.784613658,0.113191095,-0.782813316
2006,4,-0.55,-0.571,-0.549085935,0.109764025,-0.56621325,1.016676848,0.12593511,0.942266199,-0.675537383,-0.526097742,-0.72,-0.521,-1.064215192,-0.887814046,-0.7099621,1.378264346,-0.061360177,0.979644533,-1.028792028,-1.161007936,0.38,-0.414,-0.943180282,0.095306372,-1.0694165,1.090496115,-0.136169081,1.248441263,-0.281802831,-0.840030931,0.54,-0.428,-0.324557404,-2.17454518,-0.6465035,1.573705614,-1.36587458,1.19034982,-0.172237219,-0.999108622
2006,5,-0.45,0.045,-0.053252097,0.514578314,-0.12235165,-0.329837344,0.942280457,0.077407201,-0.756047418,1.293019438,-0.55,-0.571,-0.549085935,0.109764025,-0.56621325,1.016676848,0.12593511,0.942266199,-0.675537383,-0.526097742,-0.72,-0.521,-1.064215192,-0.887814046,-0.7099621,1.378264346,-0.061360177,0.979644533,-1.028792028,-1.161007936,0.38,-0.414,-0.943180282,0.095306372,-1.0694165,1.090496115,-0.136169081,1.248441263,-0.281802831,-0.840030931
2006,6,-0.04,0.526,1.128446234,0.99168087,-0.12757395,-0.284678566,0.620110721,-0.640746973,-0.423212636,0.078864187,-0.45,0.045,-0.053252097,0.514578314,-0.12235165,-0.329837344,0.942280457,0.077407201,-0.756047418,1.293019438,-0.55,-0.571,-0.549085935,0.109764025,-0.56621325,1.016676848,0.12593511,0.942266199,-0.675537383,-0.526097742,-0.72,-0.521,-1.064215192,-0.887814046,-0.7099621,1.378264346,-0.061360177,0.979644533,-1.028792028,-1.161007936
2006,7,0.12,0.718,0.416269803,1.555529345,-0.49922836,-1.065491814,1.053128688,-1.22033742,0.397180124,0.989903283,-0.04,0.526,1.128446234,0.99168087,-0.12757395,-0.284678566,0.620110721,-0.640746973,-0.423212636,0.078864187,-0.45,0.045,-0.053252097,0.514578314,-0.12235165,-0.329837344,0.942280457,0.077407201,-0.756047418,1.293019438,-0.55,-0.571,-0.549085935,0.109764025,-0.56621325,1.016676848,0.12593511,0.942266199,-0.675537383,-0.526097742
2006,8,-1.13,0.77,-0.075471066,1.743478836,-0.36677578,-1.119428528,0.332342161,-1.189203162,0.129742879,1.840594616,0.12,0.718,0.416269803,1.555529345,-0.49922836,-1.065491814,1.053128688,-1.22033742,0.397180124,0.989903283,-0.04,0.526,1.128446234,0.99168087,-0.12757395,-0.284678566,0.620110721,-0.640746973,-0.423212636,0.078864187,-0.45,0.045,-0.053252097,0.514578314,-0.12235165,-0.329837344,0.942280457,0.077407201,-0.756047418,1.293019438
2006,9,-1.75,0.84,0.805101763,0.63023954,-0.33968976,-1.147137193,1.212575404,-0.86399443,-0.326330728,1.060520202,-1.13,0.77,-0.075471066,1.743478836,-0.36677578,-1.119428528,0.332342161,-1.189203162,0.129742879,1.840594616,0.12,0.718,0.416269803,1.555529345,-0.49922836,-1.065491814,1.053128688,-1.22033742,0.397180124,0.989903283,-0.04,0.526,1.128446234,0.99168087,-0.12757395,-0.284678566,0.620110721,-0.640746973,-0.423212636,0.078864187
2006,10,-0.6,0.976,-0.528621095,0.659154846,-1.0489801,-0.459920006,0.411519469,-0.41411948,-0.273436984,1.719478766,-1.75,0.84,0.805101763,0.63023954,-0.33968976,-1.147137193,1.212575404,-0.86399443,-0.326330728,1.060520202,-1.13,0.77,-0.075471066,1.743478836,-0.36677578,-1.119428528,0.332342161,-1.189203162,0.129742879,1.840594616,0.12,0.718,0.416269803,1.555529345,-0.49922836,-1.065491814,1.053128688,-1.22033742,0.397180124,0.989903283
2006,11,-0.83,1.297,-0.29298308,-1.610696705,-0.99574655,0.709766372,-0.666930069,0.702622847,-0.281532965,-0.813507261,-0.6,0.976,-0.528621095,0.659154846,-1.0489801,-0.459920006,0.411519469,-0.41411948,-0.273436984,1.719478766,-1.75,0.84,0.805101763,0.63023954,-0.33968976,-1.147137193,1.212575404,-0.86399443,-0.326330728,1.060520202,-1.13,0.77,-0.075471066,1.743478836,-0.36677578,-1.119428528,0.332342161,-1.189203162,0.129742879,1.840594616
2006,12,-0.54,0.965,-0.502309157,-0.902271699,-0.1553899,1.135760651,-0.953060478,2.420605152,-0.498685172,-0.715396134,-0.83,1.297,-0.29298308,-1.610696705,-0.99574655,0.709766372,-0.666930069,0.702622847,-0.281532965,-0.813507261,-0.6,0.976,-0.528621095,0.659154846,-1.0489801,-0.459920006,0.411519469,-0.41411948,-0.273436984,1.719478766,-1.75,0.84,0.805101763,0.63023954,-0.33968976,-1.147137193,1.212575404,-0.86399443,-0.326330728,1.060520202
2007,1,-0.63,0.985,-1.352477081,0.080848719,-0.4117224,0.681951949,-1.440137434,1.611157517,-0.26057337,-0.592861153,-0.54,0.965,-0.502309157,-0.902271699,-0.1553899,1.135760651,-0.953060478,2.420605152,-0.498685172,-0.715396134,-0.83,1.297,-0.29298308,-1.610696705,-0.99574655,0.709766372,-0.666930069,0.702622847,-0.281532965,-0.813507261,-0.6,0.976,-0.528621095,0.659154846,-1.0489801,-0.459920006,0.411519469,-0.41411948,-0.273436984,1.719478766
2007,2,-0.63,0.537,-1.431997602,-0.598660982,-0.13660997,0.624525212,-0.557719989,1.621837041,-0.847621961,-0.723728682,-0.63,0.985,-1.352477081,0.080848719,-0.4117224,0.681951949,-1.440137434,1.611157517,-0.26057337,-0.592861153,-0.54,0.965,-0.502309157,-0.902271699,-0.1553899,1.135760651,-0.953060478,2.420605152,-0.498685172,-0.715396134,-0.83,1.297,-0.29298308,-1.610696705,-0.99574655,0.709766372,-0.666930069,0.702622847,-0.281532965,-0.813507261
2007,3,-1.05,0.125,-1.15075223,-0.020354854,-0.54892534,0.022760702,0.736965507,1.032525402,-1.334280385,-0.51705401,-0.63,0.537,-1.431997602,-0.598660982,-0.13660997,0.624525212,-0.557719989,1.621837041,-0.847621961,-0.723728682,-0.63,0.985,-1.352477081,0.080848719,-0.4117224,0.681951949,-1.440137434,1.611157517,-0.26057337,-0.592861153,-0.54,0.965,-0.502309157,-0.902271699,-0.1553899,1.135760651,-0.953060478,2.420605152,-0.498685172,-0.715396134
2007,4,-0.56,0.026,-0.877108084,0.095306372,0.26061866,-0.384091332,1.639586816,0.497042009,-1.133050275,-0.446613583,-1.05,0.125,-1.15075223,-0.020354854,-0.54892534,0.022760702,0.736965507,1.032525402,-1.334280385,-0.51705401,-0.63,0.537,-1.431997602,-0.598660982,-0.13660997,0.624525212,-0.557719989,1.621837041,-0.847621961,-0.723728682,-0.63,0.985,-1.352477081,0.080848719,-0.4117224,0.681951949,-1.440137434,1.611157517,-0.26057337,-0.592861153
2007,5,-0.53,0.348,-0.349699922,0.861561991,0.6913841,-1.023823059,1.177628179,-0.027977173,-1.022315244,1.974655866,-0.56,0.026,-0.877108084,0.095306372,0.26061866,-0.384091332,1.639586816,0.497042009,-1.133050275,-0.446613583,-1.05,0.125,-1.15075223,-0.020354854,-0.54892534,0.022760702,0.736965507,1.032525402,-1.334280385,-0.51705401,-0.63,0.537,-1.431997602,-0.598660982,-0.13660997,0.624525212,-0.557719989,1.621837041,-0.847621961,-0.723728682
2007,6,-0.37,-0.155,1.195687851,0.283255863,1.2324307,-1.14671416,0.773550883,-0.718959604,-1.015478637,0.861523824,-0.53,0.348,-0.349699922,0.861561991,0.6913841,-1.023823059,1.177628179,-0.027977173,-1.022315244,1.974655866,-0.56,0.026,-0.877108084,0.095306372,0.26061866,-0.384091332,1.639586816,0.497042009,-1.133050275,-0.446613583,-1.05,0.125,-1.15075223,-0.020354854,-0.54892534,0.022760702,0.736965507,1.032525402,-1.334280385,-0.51705401
2007,7,0.16,-0.247,2.436441864,0.297713516,1.2289858,-0.972953335,0.90624113,-1.280022179,-0.136884768,0.765896756,-0.37,-0.155,1.195687851,0.283255863,1.2324307,-1.14671416,0.773550883,-0.718959604,-1.015478637,0.861523824,-0.53,0.348,-0.349699922,0.861561991,0.6913841,-1.023823059,1.177628179,-0.027977173,-1.022315244,1.974655866,-0.56,0.026,-0.877108084,0.095306372,0.26061866,-0.384091332,1.639586816,0.497042009,-1.133050275,-0.446613583
2007,8,-0.15,-0.427,1.537743034,0.557951274,1.4399076,-0.875232701,1.088075913,-1.317960327,-0.284861313,0.882739128,0.16,-0.247,2.436441864,0.297713516,1.2289858,-0.972953335,0.90624113,-1.280022179,-0.136884768,0.765896756,-0.37,-0.155,1.195687851,0.283255863,1.2324307,-1.14671416,0.773550883,-0.718959604,-1.015478637,0.861523824,-0.53,0.348,-0.349699922,0.861561991,0.6913841,-1.023823059,1.177628179,-0.027977173,-1.022315244,1.974655866
2007,9,-1.04,-1.175,0.630273558,0.456747702,0.9092681,-1.189123223,1.298851367,-1.094336261,-0.553378022,2.168637297,-0.15,-0.427,1.537743034,0.557951274,1.4399076,-0.875232701,1.088075913,-1.317960327,-0.284861313,0.882739128,0.16,-0.247,2.436441864,0.297713516,1.2289858,-0.972953335,0.90624113,-1.280022179,-0.136884768,0.765896756,-0.37,-0.155,1.195687851,0.283255863,1.2324307,-1.14671416,0.773550883,-0.718959604,-1.015478637,0.861523824
2007,10,-2.24,-1.204,0.118067849,-0.034812507,1.2687833,-0.204513803,0.383670899,-0.575173592,-0.769450765,-0.235781496,-1.04,-1.175,0.630273558,0.456747702,0.9092681,-1.189123223,1.298851367,-1.094336261,-0.553378022,2.168637297,-0.15,-0.427,1.537743034,0.557951274,1.4399076,-0.875232701,1.088075913,-1.317960327,-0.284861313,0.882739128,0.16,-0.247,2.436441864,0.297713516,1.2289858,-0.972953335,0.90624113,-1.280022179,-0.136884768,0.765896756
2007,11,-1.38,-1.149,-0.511079803,0.080848719,0.72844106,-0.551929694,-0.947053924,0.334007017,-0.770080452,-0.128208578,-2.24,-1.204,0.118067849,-0.034812507,1.2687833,-0.204513803,0.383670899,-0.575173592,-0.769450765,-0.235781496,-1.04,-1.175,0.630273558,0.456747702,0.9092681,-1.189123223,1.298851367,-1.094336261,-0.553378022,2.168637297,-0.15,-0.427,1.537743034,0.557951274,1.4399076,-0.875232701,1.088075913,-1.317960327,-0.284861313,0.882739128
2007,12,-0.92,-1.178,-1.052520998,-0.786610473,0.45784405,0.513267521,-0.894087035,1.511166167,-0.907981998,-0.793147291,-1.38,-1.149,-0.511079803,0.080848719,0.72844106,-0.551929694,-0.947053924,0.334007017,-0.770080452,-0.128208578,-2.24,-1.204,0.118067849,-0.034812507,1.2687833,-0.204513803,0.383670899,-0.575173592,-0.769450765,-0.235781496,-1.04,-1.175,0.630273558,0.456747702,0.9092681,-1.189123223,1.298851367,-1.094336261,-0.553378022,2.168637297
2008,1,-1.47,-1.006,-0.94668854,-0.266134958,0.5557309,1.0256663,-1.754116413,1.23362773,-1.157338219,-0.798691587,-0.92,-1.178,-1.052520998,-0.786610473,0.45784405,0.513267521,-0.894087035,1.511166167,-0.907981998,-0.793147291,-1.38,-1.149,-0.511079803,0.080848719,0.72844106,-0.551929694,-0.947053924,0.334007017,-0.770080452,-0.128208578,-2.24,-1.204,0.118067849,-0.034812507,1.2687833,-0.204513803,0.383670899,-0.575173592,-0.769450765,-0.235781496
2008,2,-1.33,-1.371,0.214544952,-0.063727813,1.1359497,0.965701366,-1.42102567,1.020424812,-1.275179722,-0.975423107,-1.47,-1.006,-0.94668854,-0.266134958,0.5557309,1.0256663,-1.754116413,1.23362773,-1.157338219,-0.798691587,-0.92,-1.178,-1.052520998,-0.786610473,0.45784405,0.513267521,-0.894087035,1.511166167,-0.907981998,-0.793147291,-1.38,-1.149,-0.511079803,0.080848719,0.72844106,-0.551929694,-0.947053924,0.334007017,-0.770080452,-0.128208578
2008,3,-1.26,-1.552,-1.765866849,-0.034812507,1.3746045,0.129153513,-0.636897297,0.58626771,-1.799709348,-0.437948371,-1.33,-1.371,0.214544952,-0.063727813,1.1359497,0.965701366,-1.42102567,1.020424812,-1.275179722,-0.975423107,-1.47,-1.006,-0.94668854,-0.266134958,0.5557309,1.0256663,-1.754116413,1.23362773,-1.157338219,-0.798691587,-0.92,-1.178,-1.052520998,-0.786610473,0.45784405,0.513267521,-0.894087035,1.511166167,-0.907981998,-0.793147291
2008,4,-2,-0.858,-1.566480836,0.22542525,1.3959782,-0.163162323,0.242243845,0.030975522,-1.837040817,0.895465582,-1.26,-1.552,-1.765866849,-0.034812507,1.3746045,0.129153513,-0.636897297,0.58626771,-1.799709348,-0.437948371,-1.33,-1.371,0.214544952,-0.063727813,1.1359497,0.965701366,-1.42102567,1.020424812,-1.275179722,-0.975423107,-1.47,-1.006,-0.94668854,-0.266134958,0.5557309,1.0256663,-1.754116413,1.23362773,-1.157338219,-0.798691587
2008,5,-1.93,-0.345,-0.283043015,0.58686658,1.7382507,-0.564409169,1.874388488,-0.085078177,-1.622137494,1.7968854,-2,-0.858,-1.566480836,0.22542525,1.3959782,-0.163162323,0.242243845,0.030975522,-1.837040817,0.895465582,-1.26,-1.552,-1.765866849,-0.034812507,1.3746045,0.129153513,-0.636897297,0.58626771,-1.799709348,-0.437948371,-1.33,-1.371,0.214544952,-0.063727813,1.1359497,0.965701366,-1.42102567,1.020424812,-1.275179722,-0.975423107
2008,6,-2.11,0.142,0.159582239,0.745900766,1.2788393,-0.682752664,1.334344643,-0.810080059,-0.933799183,0.257216906,-1.93,-0.345,-0.283043015,0.58686658,1.7382507,-0.564409169,1.874388488,-0.085078177,-1.622137494,1.7968854,-2,-0.858,-1.566480836,0.22542525,1.3959782,-0.163162323,0.242243845,0.030975522,-1.837040817,0.895465582,-1.26,-1.552,-1.765866849,-0.034812507,1.3746045,0.129153513,-0.636897297,0.58626771,-1.799709348,-0.437948371
2008,7,-2.17,0.089,-0.351454051,0.803731378,1.427494,-0.749486128,1.257897587,-1.295524714,-0.306450596,2.082631754,-2.11,0.142,0.159582239,0.745900766,1.2788393,-0.682752664,1.334344643,-0.810080059,-0.933799183,0.257216906,-1.93,-0.345,-0.283043015,0.58686658,1.7382507,-0.564409169,1.874388488,-0.085078177,-1.622137494,1.7968854,-2,-0.858,-1.566480836,0.22542525,1.3959782,-0.163162323,0.242243845,0.030975522,-1.837040817,0.895465582
2008,8,-2,-0.252,1.574579746,0.384459436,2.143588,-0.716806825,1.97322361,-1.325625469,-0.131667358,0.449906587,-2.17,0.089,-0.351454051,0.803731378,1.427494,-0.749486128,1.257897587,-1.295524714,-0.306450596,2.082631754,-2.11,0.142,0.159582239,0.745900766,1.2788393,-0.682752664,1.334344643,-0.810080059,-0.933799183,0.257216906,-1.93,-0.345,-0.283043015,0.58686658,1.7382507,-0.564409169,1.874388488,-0.085078177,-1.622137494,1.7968854
2008,9,-2.02,-0.545,-0.005305901,0.543493621,2.2272398,-0.749274611,1.4801401,-1.006617751,-0.238264444,1.882526959,-2,-0.252,1.574579746,0.384459436,2.143588,-0.716806825,1.97322361,-1.325625469,-0.131667358,0.449906587,-2.17,0.089,-0.351454051,0.803731378,1.427494,-0.749486128,1.257897587,-1.295524714,-0.306450596,2.082631754,-2.11,0.142,0.159582239,0.745900766,1.2788393,-0.682752664,1.334344643,-0.810080059,-0.933799183,0.257216906
2008,10,-1.8,-0.681,0.54549065,0.095306372,1.7658828,-0.547593605,0.243881996,-0.717538538,-0.113766244,0.552878293,-2.02,-0.545,-0.005305901,0.543493621,2.2272398,-0.749274611,1.4801401,-1.006617751,-0.238264444,1.882526959,-2,-0.252,1.574579746,0.384459436,2.143588,-0.716806825,1.97322361,-1.325625469,-0.131667358,0.449906587,-2.17,0.089,-0.351454051,0.803731378,1.427494,-0.749486128,1.257897587,-1.295524714,-0.306450596,2.082631754
2008,11,-1.57,-0.584,0.188233015,-0.45408445,1.9697901,0.01800158,0.110099649,0.476974839,0.097898686,-0.142678471,-1.8,-0.681,0.54549065,0.095306372,1.7658828,-0.547593605,0.243881996,-0.717538538,-0.113766244,0.552878293,-2.02,-0.545,-0.005305901,0.543493621,2.2272398,-0.749274611,1.4801401,-1.006617751,-0.238264444,1.882526959,-2,-0.252,1.574579746,0.384459436,2.143588,-0.716806825,1.97322361,-1.325625469,-0.131667358,0.449906587
2008,12,-1.31,-0.646,-0.789401627,-0.179389039,0.44929096,0.082408361,0.735327355,0.858121884,-0.466031381,-0.524209808,-1.57,-0.584,0.188233015,-0.45408445,1.9697901,0.01800158,0.110099649,0.476974839,0.097898686,-0.142678471,-1.8,-0.681,0.54549065,0.095306372,1.7658828,-0.547593605,0.243881996,-0.717538538,-0.113766244,0.552878293,-2.02,-0.545,-0.005305901,0.543493621,2.2272398,-0.749274611,1.4801401,-1.006617751,-0.238264444,1.882526959
2009,1,-1.7,-0.714,-1.568819675,0.051933412,0.7225751,0.503643519,0.465032408,0.798178749,-1.237848254,-0.721265664,-1.31,-0.646,-0.789401627,-0.179389039,0.44929096,0.082408361,0.735327355,0.858121884,-0.466031381,-0.524209808,-1.57,-0.584,0.188233015,-0.45408445,1.9697901,0.01800158,0.110099649,0.476974839,0.097898686,-0.142678471,-1.8,-0.681,0.54549065,0.095306372,1.7658828,-0.547593605,0.243881996,-0.717538538,-0.113766244,0.552878293
2009,2,-1.76,-0.69,-1.766451559,-0.179389039,0.9093018,1.05369224,-0.359503694,0.905017052,-1.497189518,-0.879954738,-1.7,-0.714,-1.568819675,0.051933412,0.7225751,0.503643519,0.465032408,0.798178749,-1.237848254,-0.721265664,-1.31,-0.646,-0.789401627,-0.179389039,0.44929096,0.082408361,0.735327355,0.858121884,-0.466031381,-0.524209808,-1.57,-0.584,0.188233015,-0.45408445,1.9697901,0.01800158,0.110099649,0.476974839,0.097898686,-0.142678471
2009,3,-2.03,-0.705,-1.55887961,0.023018106,0.3312593,0.501528354,-0.534785872,0.724627834,-1.588854016,-0.765239488,-1.76,-0.69,-1.766451559,-0.179389039,0.9093018,1.05369224,-0.359503694,0.905017052,-1.497189518,-0.879954738,-1.7,-0.714,-1.568819675,0.051933412,0.7225751,0.503643519,0.465032408,0.798178749,-1.237848254,-0.721265664,-1.31,-0.646,-0.789401627,-0.179389039,0.44929096,0.082408361,0.735327355,0.858121884,-0.466031381,-0.524209808
2009,4,-2.28,-0.106,-1.389313793,0.456747702,0.4162877,-0.279919444,0.981050035,0.299772252,-1.889214918,1.052555999,-2.03,-0.705,-1.55887961,0.023018106,0.3312593,0.501528354,-0.534785872,0.724627834,-1.588854016,-0.765239488,-1.76,-0.69,-1.766451559,-0.179389039,0.9093018,1.05369224,-0.359503694,0.905017052,-1.497189518,-0.879954738,-1.7,-0.714,-1.568819675,0.051933412,0.7225751,0.503643519,0.465032408,0.798178749,-1.237848254,-0.721265664
2009,5,-1.45,0.326,-0.664273748,0.283255863,0.5548924,-0.367487285,0.652327695,-0.090977752,-1.496379919,1.633599381,-2.28,-0.106,-1.389313793,0.456747702,0.4162877,-0.279919444,0.981050035,0.299772252,-1.889214918,1.052555999,-2.03,-0.705,-1.55887961,0.023018106,0.3312593,0.501528354,-0.534785872,0.724627834,-1.588854016,-0.765239488,-1.76,-0.69,-1.766451559,-0.179389039,0.9093018,1.05369224,-0.359503694,0.905017052,-1.497189518,-0.879954738
2009,6,-0.85,0.751,0.846031443,0.58686658,0.37008104,-0.483927132,0.856004494,-1.032196934,-0.701624433,0.934134691,-1.45,0.326,-0.664273748,0.283255863,0.5548924,-0.367487285,0.652327695,-0.090977752,-1.496379919,1.633599381,-2.28,-0.106,-1.389313793,0.456747702,0.4162877,-0.279919444,0.981050035,0.299772252,-1.889214918,1.052555999,-2.03,-0.705,-1.55887961,0.023018106,0.3312593,0.501528354,-0.534785872,0.724627834,-1.588854016,-0.765239488
2009,7,-0.88,1.06,-0.079564034,1.266376281,0.56042695,-1.079346147,1.847085968,-1.284759065,-0.572538511,0.899199177,-0.85,0.751,0.846031443,0.58686658,0.37008104,-0.483927132,0.856004494,-1.032196934,-0.701624433,0.934134691,-1.45,0.326,-0.664273748,0.283255863,0.5548924,-0.367487285,0.652327695,-0.090977752,-1.496379919,1.633599381,-2.28,-0.106,-1.389313793,0.456747702,0.4162877,-0.279919444,0.981050035,0.299772252,-1.889214918,1.052555999
2009,8,-0.5,1.073,1.147741655,0.471205355,0.71791106,-0.828804824,1.870566135,-1.248974047,-0.121862225,-0.30536683,-0.88,1.06,-0.079564034,1.266376281,0.56042695,-1.079346147,1.847085968,-1.284759065,-0.572538511,0.899199177,-0.85,0.751,0.846031443,0.58686658,0.37008104,-0.483927132,0.856004494,-1.032196934,-0.701624433,0.934134691,-1.45,0.326,-0.664273748,0.283255863,0.5548924,-0.367487285,0.652327695,-0.090977752,-1.496379919,1.633599381
2009,9,0.19,0.745,1.697368786,0.124221678,0.98406076,-0.903470157,0.63266988,-1.10393922,0.705996828,-0.431905286,-0.5,1.073,1.147741655,0.471205355,0.71791106,-0.828804824,1.870566135,-1.248974047,-0.121862225,-0.30536683,-0.88,1.06,-0.079564034,1.266376281,0.56042695,-1.079346147,1.847085968,-1.284759065,-0.572538511,0.899199177,-0.85,0.751,0.846031443,0.58686658,0.37008104,-0.483927132,0.856004494,-1.032196934,-0.701624433,0.934134691
2009,10,-0.23,0.924,0.60513104,-0.005897201,1.1538724,-0.320107584,0.20838872,-0.653289143,0.45834976,1.512406744,0.19,0.745,1.697368786,0.124221678,0.98406076,-0.903470157,0.63266988,-1.10393922,0.705996828,-0.431905286,-0.5,1.073,1.147741655,0.471205355,0.71791106,-0.828804824,1.870566135,-1.248974047,-0.121862225,-0.30536683,-0.88,1.06,-0.079564034,1.266376281,0.56042695,-1.079346147,1.847085968,-1.284759065,-0.572538511,0.899199177
2009,11,-1.01,1.134,0.039716747,-1.552866093,1.0545827,0.382656067,-0.319095965,0.419184834,0.148903368,2.613531976,-0.23,0.924,0.60513104,-0.005897201,1.1538724,-0.320107584,0.20838872,-0.653289143,0.45834976,1.512406744,0.19,0.745,1.697368786,0.124221678,0.98406076,-0.903470157,0.63266988,-1.10393922,0.705996828,-0.431905286,-0.5,1.073,1.147741655,0.471205355,0.71791106,-0.828804824,1.870566135,-1.248974047,-0.121862225,-0.30536683
2009,12,-0.52,1.059,-0.975924026,-0.829983433,1.0631177,1.281812811,-1.06500081,0.417720705,0.483357346,0.341898816,-1.01,1.134,0.039716747,-1.552866093,1.0545827,0.382656067,-0.319095965,0.419184834,0.148903368,2.613531976,-0.23,0.924,0.60513104,-0.005897201,1.1538724,-0.320107584,0.20838872,-0.653289143,0.45834976,1.512406744,0.19,0.745,1.697368786,0.124221678,0.98406076,-0.903470157,0.63266988,-1.10393922,0.705996828,-0.431905286
2010,1,0.06,1.066,-0.68181504,-3.6203105,2.062816,2.768033667,-1.971990522,1.310451403,0.863148819,-0.65217221,-0.52,1.059,-0.975924026,-0.829983433,1.0631177,1.281812811,-1.06500081,0.417720705,0.483357346,0.341898816,-1.01,1.134,0.039716747,-1.552866093,1.0545827,0.382656067,-0.319095965,0.419184834,0.148903368,2.613531976,-0.23,0.924,0.60513104,-0.005897201,1.1538724,-0.320107584,0.20838872,-0.653289143,0.45834976,1.512406744
2010,2,0.16,1.526,-0.606387486,-1.234797722,1.838936,2.229195322,-0.73627847,0.918069552,0.722098835,-0.512385938,0.06,1.066,-0.68181504,-3.6203105,2.062816,2.768033667,-1.971990522,1.310451403,0.863148819,-0.65217221,-0.52,1.059,-0.975924026,-0.829983433,1.0631177,1.281812811,-1.06500081,0.417720705,0.483357346,0.341898816,-1.01,1.134,0.039716747,-1.552866093,1.0545827,0.382656067,-0.319095965,0.419184834,0.148903368,2.613531976
2010,3,-0.21,1.462,-0.683569169,-0.323965571,1.6534425,1.381331335,0.519091397,0.868026282,0.637990586,-0.160827866,0.16,1.526,-0.606387486,-1.234797722,1.838936,2.229195322,-0.73627847,0.918069552,0.722098835,-0.512385938,0.06,1.066,-0.68181504,-3.6203105,2.062816,2.768033667,-1.971990522,1.310451403,0.863148819,-0.65217221,-0.52,1.059,-0.975924026,-0.829983433,1.0631177,1.281812811,-1.06500081,0.417720705,0.483357346,0.341898816
2010,4,-0.27,0.978,-0.586507356,0.095306372,1.1785061,0.63806227,0.966852725,0.627736991,0.475981007,-0.762194759,-0.21,1.462,-0.683569169,-0.323965571,1.6534425,1.381331335,0.519091397,0.868026282,0.637990586,-0.160827866,0.16,1.526,-0.606387486,-1.234797722,1.838936,2.229195322,-0.73627847,0.918069552,0.722098835,-0.512385938,0.06,1.066,-0.68181504,-3.6203105,2.062816,2.768033667,-1.971990522,1.310451403,0.863148819,-0.65217221
2010,5,-0.35,0.658,-0.017584805,0.22542525,1.8660371,-0.444902333,1.856914875,-0.04021035,-0.44902982,0.177486464,-0.27,0.978,-0.586507356,0.095306372,1.1785061,0.63806227,0.966852725,0.627736991,0.475981007,-0.762194759,-0.21,1.462,-0.683569169,-0.323965571,1.6534425,1.381331335,0.519091397,0.868026282,0.637990586,-0.160827866,0.16,1.526,-0.606387486,-1.234797722,1.838936,2.229195322,-0.73627847,0.918069552,0.722098835,-0.512385938
2010,6,-0.93,-0.228,0.855386798,0.485663008,1.2382194,-1.021073344,1.404239094,-0.623286223,-0.337575146,-0.408592599,-0.35,0.658,-0.017584805,0.22542525,1.8660371,-0.444902333,1.856914875,-0.04021035,-0.44902982,0.177486464,-0.27,0.978,-0.586507356,0.095306372,1.1785061,0.63806227,0.966852725,0.627736991,0.475981007,-0.762194759,-0.21,1.462,-0.683569169,-0.323965571,1.6534425,1.381331335,0.519091397,0.868026282,0.637990586,-0.160827866
2010,7,-2.17,-1.099,0.294065473,1.815767102,1.14574,-1.860899703,1.369837919,-1.138303173,-0.410349021,0.541906523,-0.93,-0.228,0.855386798,0.485663008,1.2382194,-1.021073344,1.404239094,-0.623286223,-0.337575146,-0.408592599,-0.35,0.658,-0.017584805,0.22542525,1.8660371,-0.444902333,1.856914875,-0.04021035,-0.44902982,0.177486464,-0.27,0.978,-0.586507356,0.095306372,1.1785061,0.63806227,0.966852725,0.627736991,0.475981007,-0.762194759
2010,8,-2.44,-1.662,0.385280188,0.847104338,1.078559,-1.648325596,0.707478785,-1.190839541,-1.052090463,0.683568351,-2.17,-1.099,0.294065473,1.815767102,1.14574,-1.860899703,1.369837919,-1.138303173,-0.410349021,0.541906523,-0.93,-0.228,0.855386798,0.485663008,1.2382194,-1.021073344,1.404239094,-0.623286223,-0.337575146,-0.408592599,-0.35,0.658,-0.017584805,0.22542525,1.8660371,-0.444902333,1.856914875,-0.04021035,-0.44902982,0.177486464
2010,9,-2.44,-1.86,1.131954493,0.095306372,1.00388,-1.063270891,-0.219714792,-1.113283804,-1.120366571,-0.366828966,-2.44,-1.662,0.385280188,0.847104338,1.078559,-1.648325596,0.707478785,-1.190839541,-1.052090463,0.683568351,-2.17,-1.099,0.294065473,1.815767102,1.14574,-1.860899703,1.369837919,-1.138303173,-0.410349021,0.541906523,-0.93,-0.228,0.855386798,0.485663008,1.2382194,-1.021073344,1.404239094,-0.623286223,-0.337575146,-0.408592599
2010,10,-1.61,-1.888,0.628519429,-0.078185467,1.6057858,-0.96985148,1.195754352,-0.146416587,0.929372759,-0.487621944,-2.44,-1.86,1.131954493,0.095306372,1.00388,-1.063270891,-0.219714792,-1.113283804,-1.120366571,-0.366828966,-2.44,-1.662,0.385280188,0.847104338,1.078559,-1.648325596,0.707478785,-1.190839541,-1.052090463,0.683568351,-2.17,-1.099,0.294065473,1.815767102,1.14574,-1.860899703,1.369837919,-1.138303173,-0.410349021,0.541906523
2010,11,-1.58,-1.472,0.043225006,-0.396253837,0.9877614,0.421152075,-1.158921478,0.733197291,-0.339014432,-1.159852859,-1.61,-1.888,0.628519429,-0.078185467,1.6057858,-0.96985148,1.195754352,-0.146416587,0.929372759,-0.487621944,-2.44,-1.86,1.131954493,0.095306372,1.00388,-1.063270891,-0.219714792,-1.113283804,-1.120366571,-0.366828966,-2.44,-1.662,0.385280188,0.847104338,1.078559,-1.648325596,0.707478785,-1.190839541,-1.052090463,0.683568351
2010,12,-2,-1.558,-0.758996722,-2.391409978,0.7793436,1.770521739,-2.415929497,1.785087346,-0.429599466,-0.905167426,-1.58,-1.472,0.043225006,-0.396253837,0.9877614,0.421152075,-1.158921478,0.733197291,-0.339014432,-1.159852859,-1.61,-1.888,0.628519429,-0.078185467,1.6057858,-0.96985148,1.195754352,-0.146416587,0.929372759,-0.487621944,-2.44,-1.86,1.131954493,0.095306372,1.00388,-1.063270891,-0.219714792,-1.113283804,-1.120366571,-0.366828966
2011,1,-1.73,-1.719,-1.33376637,-0.164931386,0.3217816,1.253575355,-1.157829378,1.202364284,-0.597456142,-0.9001359,-2,-1.558,-0.758996722,-2.391409978,0.7793436,1.770521739,-2.415929497,1.785087346,-0.429599466,-0.905167426,-1.58,-1.472,0.043225006,-0.396253837,0.9877614,0.421152075,-1.158921478,0.733197291,-0.339014432,-1.159852859,-1.61,-1.888,0.628519429,-0.078185467,1.6057858,-0.96985148,1.195754352,-0.146416587,0.929372759,-0.487621944
2011,2,-1.45,-1.544,-1.011006608,-0.063727813,0.5503248,1.039626391,-0.617785533,1.49480238,-0.845642943,-1.133921103,-1.73,-1.719,-1.33376637,-0.164931386,0.3217816,1.253575355,-1.157829378,1.202364284,-0.597456142,-0.9001359,-2,-1.558,-0.758996722,-2.391409978,0.7793436,1.770521739,-2.415929497,1.785087346,-0.429599466,-0.905167426,-1.58,-1.472,0.043225006,-0.396253837,0.9877614,0.421152075,-1.158921478,0.733197291,-0.339014432,-1.159852859
2011,3,-1.29,-1.554,-0.349699922,-2.17454518,1.2027031,1.423211607,-1.131072908,0.984682857,-0.657006581,-1.524466651,-1.45,-1.544,-1.011006608,-0.063727813,0.5503248,1.039626391,-0.617785533,1.49480238,-0.845642943,-1.133921103,-1.73,-1.719,-1.33376637,-0.164931386,0.3217816,1.253575355,-1.157829378,1.202364284,-0.597456142,-0.9001359,-2,-1.558,-0.758996722,-2.391409978,0.7793436,1.770521739,-2.415929497,1.785087346,-0.429599466,-0.905167426
2011,4,-1.26,-1.387,-0.789401627,0.080848719,0.596072,0.815207359,-0.005663036,0.714852624,-1.090591351,-1.143043769,-1.29,-1.554,-0.349699922,-2.17454518,1.2027031,1.423211607,-1.131072908,0.984682857,-0.657006581,-1.524466651,-1.45,-1.544,-1.011006608,-0.063727813,0.5503248,1.039626391,-0.617785533,1.49480238,-0.845642943,-1.133921103,-1.73,-1.719,-1.33376637,-0.164931386,0.3217816,1.253575355,-1.157829378,1.202364284,-0.597456142,-0.9001359
2011,5,-0.96,-0.199,-0.268425272,0.210967597,1.3946886,0.313595922,0.959208019,-0.10548607,-0.738236259,-1.577988573,-1.26,-1.387,-0.789401627,0.080848719,0.596072,0.815207359,-0.005663036,0.714852624,-1.090591351,-1.143043769,-1.29,-1.554,-0.349699922,-2.17454518,1.2027031,1.423211607,-1.131072908,0.984682857,-0.657006581,-1.524466651,-1.45,-1.544,-1.011006608,-0.063727813,0.5503248,1.039626391,-0.617785533,1.49480238,-0.845642943,-1.133921103
2011,6,-1.32,-0.003,1.062374037,0.442290048,1.113308,-0.04344397,1.181450531,-0.672581187,-0.520274455,-0.123451339,-0.96,-0.199,-0.268425272,0.210967597,1.3946886,0.313595922,0.959208019,-0.10548607,-0.738236259,-1.577988573,-1.26,-1.387,-0.789401627,0.080848719,0.596072,0.815207359,-0.005663036,0.714852624,-1.090591351,-1.143043769,-1.29,-1.554,-0.349699922,-2.17454518,1.2027031,1.423211607,-1.131072908,0.984682857,-0.657006581,-1.524466651
2011,7,-2.5,-0.191,1.628957749,0.94830791,1.0352043,-0.526336195,0.904056929,-1.274596292,0.341317854,0.573786914,-1.32,-0.003,1.062374037,0.442290048,1.113308,-0.04344397,1.181450531,-0.672581187,-0.520274455,-0.123451339,-0.96,-0.199,-0.268425272,0.210967597,1.3946886,0.313595922,0.959208019,-0.10548607,-0.738236259,-1.577988573,-1.26,-1.387,-0.789401627,0.080848719,0.596072,0.815207359,-0.005663036,0.714852624,-1.090591351,-1.143043769
2011,8,-2.6,-0.502,0.293480763,1.020596176,1.0362983,-1.280815636,0.637038284,-1.325926907,0.626476302,1.12557875,-2.5,-0.191,1.628957749,0.94830791,1.0352043,-0.526336195,0.904056929,-1.274596292,0.341317854,0.573786914,-1.32,-0.003,1.062374037,0.442290048,1.113308,-0.04344397,1.181450531,-0.672581187,-0.520274455,-0.123451339,-0.96,-0.199,-0.268425272,0.210967597,1.3946886,0.313595922,0.959208019,-0.10548607,-0.738236259,-1.577988573
2011,9,-2.63,-0.751,0.088247653,0.124221678,1.3279155,-1.148194775,0.988694741,-1.283294937,0.761589233,0.720618796,-2.6,-0.502,0.293480763,1.020596176,1.0362983,-1.280815636,0.637038284,-1.325926907,0.626476302,1.12557875,-2.5,-0.191,1.628957749,0.94830791,1.0352043,-0.526336195,0.904056929,-1.274596292,0.341317854,0.573786914,-1.32,-0.003,1.062374037,0.442290048,1.113308,-0.04344397,1.181450531,-0.672581187,-0.520274455,-0.123451339
2011,10,-1.95,-0.917,1.436588253,0.080848719,1.2043564,-0.75540859,-0.107774461,-0.822137586,0.470223865,-0.751808843,-2.63,-0.751,0.088247653,0.124221678,1.3279155,-1.148194775,0.988694741,-1.283294937,0.761589233,0.720618796,-2.6,-0.502,0.293480763,1.020596176,1.0362983,-1.280815636,0.637038284,-1.325926907,0.626476302,1.12557875,-2.5,-0.191,1.628957749,0.94830791,1.0352043,-0.526336195,0.904056929,-1.274596292,0.341317854,0.573786914
2011,11,-2.96,-0.933,0.000541196,-0.468542103,0.37422317,-0.320847892,-0.136715132,0.361394829,0.01702883,-1.409629594,-1.95,-0.917,1.436588253,0.080848719,1.2043564,-0.75540859,-0.107774461,-0.822137586,0.470223865,-0.751808843,-2.63,-0.751,0.088247653,0.124221678,1.3279155,-1.148194775,0.988694741,-1.283294937,0.761589233,0.720618796,-2.6,-0.502,0.293480763,1.020596176,1.0362983,-1.280815636,0.637038284,-1.325926907,0.626476302,1.12557875
2011,12,-2.32,-0.945,-1.174140619,0.124221678,0.13205332,-0.261623265,0.428447031,0.989419742,-0.405941209,-1.476083547,-2.96,-0.933,0.000541196,-0.468542103,0.37422317,-0.320847892,-0.136715132,0.361394829,0.01702883,-1.409629594,-1.95,-0.917,1.436588253,0.080848719,1.2043564,-0.75540859,-0.107774461,-0.822137586,0.470223865,-0.751808843,-2.63,-0.751,0.088247653,0.124221678,1.3279155,-1.148194775,0.988694741,-1.283294937,0.761589233,0.720618796
2012,1,-1.72,-0.98,-1.655941423,-0.801068126,0.833666,0.278801454,-0.965619637,0.839002091,-0.5487903,-1.413507597,-2.32,-0.945,-1.174140619,0.124221678,0.13205332,-0.261623265,0.428447031,0.989419742,-0.405941209,-1.476083547,-2.96,-0.933,0.000541196,-0.468542103,0.37422317,-0.320847892,-0.136715132,0.361394829,0.01702883,-1.409629594,-1.95,-0.917,1.436588253,0.080848719,1.2043564,-0.75540859,-0.107774461,-0.822137586,0.470223865,-0.751808843
2012,2,-1.26,-0.675,-1.66178852,-0.540830369,0.86268306,0.173466225,-1.033875937,1.292881863,-1.056678186,-1.455376196,-1.72,-0.98,-1.655941423,-0.801068126,0.833666,0.278801454,-0.965619637,0.839002091,-0.5487903,-1.413507597,-2.32,-0.945,-1.174140619,0.124221678,0.13205332,-0.261623265,0.428447031,0.989419742,-0.405941209,-1.476083547,-2.96,-0.933,0.000541196,-0.468542103,0.37422317,-0.320847892,-0.136715132,0.361394829,0.01702883,-1.409629594
2012,3,-1.59,-0.382,-1.910290148,-0.989017618,1.116866,0.483337933,-1.3931771,1.629889747,-1.45113238,-1.546982727,-1.26,-0.675,-1.66178852,-0.540830369,0.86268306,0.173466225,-1.033875937,1.292881863,-1.056678186,-1.455376196,-1.72,-0.98,-1.655941423,-0.801068126,0.833666,0.278801454,-0.965619637,0.839002091,-0.5487903,-1.413507597,-2.32,-0.945,-1.174140619,0.124221678,0.13205332,-0.261623265,0.428447031,0.989419742,-0.405941209,-1.476083547
2012,4,-0.94,0.11,-1.168878231,-0.136016079,1.9261199,0.833503538,-1.656919442,0.514740736,-1.203665222,-1.314640983,-1.59,-0.382,-1.910290148,-0.989017618,1.116866,0.483337933,-1.3931771,1.629889747,-1.45113238,-1.546982727,-1.26,-0.675,-1.66178852,-0.540830369,0.86268306,0.173466225,-1.033875937,1.292881863,-1.056678186,-1.455376196,-1.72,-0.98,-1.655941423,-0.801068126,0.833666,0.278801454,-0.965619637,0.839002091,-0.5487903,-1.413507597
2012,5,-2,0.757,-0.359639987,0.456747702,1.6273782,0.083042911,-0.232273951,-0.009460256,-1.014399173,2.116221033,-0.94,0.11,-1.168878231,-0.136016079,1.9261199,0.833503538,-1.656919442,0.514740736,-1.203665222,-1.314640983,-1.59,-0.382,-1.910290148,-0.989017618,1.116866,0.483337933,-1.3931771,1.629889747,-1.45113238,-1.546982727,-1.26,-0.675,-1.66178852,-0.540830369,0.86268306,0.173466225,-1.033875937,1.292881863,-1.056678186,-1.455376196
2012,6,-1.43,0.842,1.326078118,0.196509944,1.9381592,0.041374156,0.021093434,-0.880185967,-0.600244758,-0.689017949,-2,0.757,-0.359639987,0.456747702,1.6273782,0.083042911,-0.232273951,-0.009460256,-1.014399173,2.116221033,-0.94,0.11,-1.168878231,-0.136016079,1.9261199,0.833503538,-1.656919442,0.514740736,-1.203665222,-1.314640983,-1.59,-0.382,-1.910290148,-0.989017618,1.116866,0.483337933,-1.3931771,1.629889747,-1.45113238,-1.546982727
2012,7,-2.34,1.128,1.920143187,1.483241079,1.8603463,-0.496512365,0.858188695,-1.32945804,-0.103871156,0.158437489,-1.43,0.842,1.326078118,0.196509944,1.9381592,0.041374156,0.021093434,-0.880185967,-0.600244758,-0.689017949,-2,0.757,-0.359639987,0.456747702,1.6273782,0.083042911,-0.232273951,-0.009460256,-1.014399173,2.116221033,-0.94,0.11,-1.168878231,-0.136016079,1.9261199,0.833503538,-1.656919442,0.514740736,-1.203665222,-1.314640983
2012,8,-2.51,0.628,0.558938973,0.94830791,1.7304645,-0.895749804,0.516361145,-1.357190353,-0.079403302,0.903492315,-2.34,1.128,1.920143187,1.483241079,1.8603463,-0.496512365,0.858188695,-1.32945804,-0.103871156,0.158437489,-1.43,0.842,1.326078118,0.196509944,1.9381592,0.041374156,0.021093434,-0.880185967,-0.600244758,-0.689017949,-2,0.757,-0.359639987,0.456747702,1.6273782,0.083042911,-0.232273951,-0.009460256,-1.014399173,2.116221033
2012,9,-3.05,0.351,0.21863792,1.063969136,1.3583578,-0.623316521,0.301763339,-1.230371005,0.196939523,0.133503552,-2.51,0.628,0.558938973,0.94830791,1.7304645,-0.895749804,0.516361145,-1.357190353,-0.079403302,0.903492315,-2.34,1.128,1.920143187,1.483241079,1.8603463,-0.496512365,0.858188695,-1.32945804,-0.103871156,0.158437489,-1.43,0.842,1.326078118,0.196509944,1.9381592,0.041374156,0.021093434,-0.880185967,-0.600244758,-0.689017949
2012,10,-1.22,0.097,-0.268425272,-0.04927016,1.8664157,-0.201552572,0.674169711,-1.050886101,-0.289808857,-0.528103538,-3.05,0.351,0.21863792,1.063969136,1.3583578,-0.623316521,0.301763339,-1.230371005,0.196939523,0.133503552,-2.51,0.628,0.558938973,0.94830791,1.7304645,-0.895749804,0.516361145,-1.357190353,-0.079403302,0.903492315,-2.34,1.128,1.920143187,1.483241079,1.8603463,-0.496512365,0.858188695,-1.32945804,-0.103871156,0.158437489
2012,11,-0.58,0.141,0.091755912,-1.234797722,1.4016486,0.83762811,-0.296161848,0.098546025,-0.039822949,-0.622527692,-1.22,0.097,-0.268425272,-0.04927016,1.8664157,-0.201552572,0.674169711,-1.050886101,-0.289808857,-0.528103538,-3.05,0.351,0.21863792,1.063969136,1.3583578,-0.623316521,0.301763339,-1.230371005,0.196939523,0.133503552,-2.51,0.628,0.558938973,0.94830791,1.7304645,-0.895749804,0.516361145,-1.357190353,-0.079403302,0.903492315
2012,12,-1.25,0.111,-0.388875473,-1.104678844,1.200031,1.446372666,-0.912652749,1.621793979,0.142066761,-0.888470443,-0.58,0.141,0.091755912,-1.234797722,1.4016486,0.83762811,-0.296161848,0.098546025,-0.039822949,-0.622527692,-1.22,0.097,-0.268425272,-0.04927016,1.8664157,-0.201552572,0.674169711,-1.050886101,-0.289808857,-0.528103538,-3.05,0.351,0.21863792,1.063969136,1.3583578,-0.623316521,0.301763339,-1.230371005,0.196939523,0.133503552
2013,1,-0.94,0.103,-1.234950429,0.051933412,1.2306213,0.603479318,0.22094788,2.019753946,-0.310858408,-1.086777663,-1.25,0.111,-0.388875473,-1.104678844,1.200031,1.446372666,-0.912652749,1.621793979,0.142066761,-0.888470443,-0.58,0.141,0.091755912,-1.234797722,1.4016486,0.83762811,-0.296161848,0.098546025,-0.039822949,-0.622527692,-1.22,0.097,-0.268425272,-0.04927016,1.8664157,-0.201552572,0.674169711,-1.050886101,-0.289808857,-0.528103538
2013,2,-1.32,-0.068,-1.578175031,0.037475759,1.2039313,-0.089766089,0.420802326,1.937825845,-0.824233571,-1.035428912,-0.94,0.103,-1.234950429,0.051933412,1.2306213,0.603479318,0.22094788,2.019753946,-0.310858408,-1.086777663,-1.25,0.111,-0.388875473,-1.104678844,1.200031,1.446372666,-0.912652749,1.621793979,0.142066761,-0.888470443,-0.58,0.141,0.091755912,-1.234797722,1.4016486,0.83762811,-0.296161848,0.098546025,-0.039822949,-0.622527692
2013,3,-1.18,-0.026,-1.663542649,0.051933412,0.64256865,-0.016052581,1.026918269,0.726082141,-0.798596297,-0.348956668,-1.32,-0.068,-1.578175031,0.037475759,1.2039313,-0.089766089,0.420802326,1.937825845,-0.824233571,-1.035428912,-0.94,0.103,-1.234950429,0.051933412,1.2306213,0.603479318,0.22094788,2.019753946,-0.310858408,-1.086777663,-1.25,0.111,-0.388875473,-1.104678844,1.200031,1.446372666,-0.912652749,1.621793979,0.142066761,-0.888470443
2013,4,-0.62,0.09,-1.061291644,0.326628823,0.4762448,-0.223127258,1.183634733,0.74709971,-1.04732283,0.348564258,-1.18,-0.026,-1.663542649,0.051933412,0.64256865,-0.016052581,1.026918269,0.726082141,-0.798596297,-0.348956668,-1.32,-0.068,-1.578175031,0.037475759,1.2039313,-0.089766089,0.420802326,1.937825845,-0.824233571,-1.035428912,-0.94,0.103,-1.234950429,0.051933412,1.2306213,0.603479318,0.22094788,2.019753946,-0.310858408,-1.086777663
2013,5,-0.4,0.205,-0.162008104,0.182052291,0.8523294,-0.494714474,1.555495055,0.005017842,-1.135479069,1.491082925,-0.62,0.09,-1.061291644,0.326628823,0.4762448,-0.223127258,1.183634733,0.74709971,-1.04732283,0.348564258,-1.18,-0.026,-1.663542649,0.051933412,0.64256865,-0.016052581,1.026918269,0.726082141,-0.798596297,-0.348956668,-1.32,-0.068,-1.578175031,0.037475759,1.2039313,-0.089766089,0.420802326,1.937825845,-0.824233571,-1.035428912
2013,6,-1.25,-0.094,1.265268307,0.297713516,0.7265816,-0.471024624,1.495429511,-0.643293332,-0.807142055,-0.845961115,-0.4,0.205,-0.162008104,0.182052291,0.8523294,-0.494714474,1.555495055,0.005017842,-1.135479069,1.491082925,-0.62,0.09,-1.061291644,0.326628823,0.4762448,-0.223127258,1.183634733,0.74709971,-1.04732283,0.348564258,-1.18,-0.026,-1.663542649,0.051933412,0.64256865,-0.016052581,1.026918269,0.726082141,-0.798596297,-0.348956668
2013,7,-1.77,-0.311,-0.147390361,2.784429866,0.45131078,-1.01218965,1.038931377,-1.218568454,-0.500664189,2.52239973,-1.25,-0.094,1.265268307,0.297713516,0.7265816,-0.471024624,1.495429511,-0.643293332,-0.807142055,-0.845961115,-0.4,0.205,-0.162008104,0.182052291,0.8523294,-0.494714474,1.555495055,0.005017842,-1.135479069,1.491082925,-0.62,0.09,-1.061291644,0.326628823,0.4762448,-0.223127258,1.183634733,0.74709971,-1.04732283,0.348564258
2013,8,-1.78,-0.466,0.653077237,0.341086476,0.5616566,-0.952330474,0.45356535,-1.356920645,-0.132566911,-0.285116572,-1.77,-0.311,-0.147390361,2.784429866,0.45131078,-1.01218965,1.038931377,-1.218568454,-0.500664189,2.52239973,-1.25,-0.094,1.265268307,0.297713516,0.7265816,-0.471024624,1.495429511,-0.643293332,-0.807142055,-0.845961115,-0.4,0.205,-0.162008104,0.182052291,0.8523294,-0.494714474,1.555495055,0.005017842,-1.135479069,1.491082925
2013,9,-1.08,-0.125,2.357506053,0.080848719,0.38973394,-0.241106162,-0.565910745,-1.210686865,0.410943292,-0.227693639,-1.78,-0.466,0.653077237,0.341086476,0.5616566,-0.952330474,0.45356535,-1.356920645,-0.132566911,-0.285116572,-1.77,-0.311,-0.147390361,2.784429866,0.45131078,-1.01218965,1.038931377,-1.218568454,-0.500664189,2.52239973,-1.25,-0.094,1.265268307,0.297713516,0.7265816,-0.471024624,1.495429511,-0.643293332,-0.807142055,-0.845961115
2013,10,-1.89,0.148,1.311460375,0.283255863,-0.14729041,-0.106898928,-0.65491696,-0.704405957,0.28959353,0.16430144,-1.08,-0.125,2.357506053,0.080848719,0.38973394,-0.241106162,-0.565910745,-1.210686865,0.410943292,-0.227693639,-1.78,-0.466,0.653077237,0.341086476,0.5616566,-0.952330474,0.45356535,-1.356920645,-0.132566911,-0.285116572,-1.77,-0.311,-0.147390361,2.784429866,0.45131078,-1.01218965,1.038931377,-1.218568454,-0.500664189,2.52239973
2013,11,-1.18,-0.042,-0.234512109,-0.04927016,-0.804566,0.138671757,-0.390082517,-0.048334449,-0.115475396,1.070570861,-1.89,0.148,1.311460375,0.283255863,-0.14729041,-0.106898928,-0.65491696,-0.704405957,0.28959353,0.16430144,-1.08,-0.125,2.357506053,0.080848719,0.38973394,-0.241106162,-0.565910745,-1.210686865,0.410943292,-0.227693639,-1.78,-0.466,0.653077237,0.341086476,0.5616566,-0.952330474,0.45356535,-1.356920645,-0.132566911,-0.285116572
2013,12,-1.15,-0.234,-1.445445926,0.153136985,-1.4515896,-0.031493287,0.376572243,0.842527558,-0.404322013,-1.120717982,-1.18,-0.042,-0.234512109,-0.04927016,-0.804566,0.138671757,-0.390082517,-0.048334449,-0.115475396,1.070570861,-1.89,0.148,1.311460375,0.283255863,-0.14729041,-0.106898928,-0.65491696,-0.704405957,0.28959353,0.16430144,-1.08,-0.125,2.357506053,0.080848719,0.38973394,-0.241106162,-0.565910745,-1.210686865,0.410943292,-0.227693639
2014,1,-0.6,-0.27,-1.827261369,-0.150473733,-0.38970667,0.494654067,-0.397181172,1.444115059,-0.134455974,-0.13714671,-1.15,-0.234,-1.445445926,0.153136985,-1.4515896,-0.031493287,0.376572243,0.842527558,-0.404322013,-1.120717982,-1.18,-0.042,-0.234512109,-0.04927016,-0.804566,0.138671757,-0.390082517,-0.048334449,-0.115475396,1.070570861,-1.89,0.148,1.311460375,0.283255863,-0.14729041,-0.106898928,-0.65491696,-0.704405957,0.28959353,0.16430144
2014,2,-0.42,-0.259,-1.635476583,-0.801068126,-0.26691276,0.670424298,-0.675666875,1.029664761,-0.051966921,-0.906103648,-0.6,-0.27,-1.827261369,-0.150473733,-0.38970667,0.494654067,-0.397181172,1.444115059,-0.134455974,-0.13714671,-1.15,-0.234,-1.445445926,0.153136985,-1.4515896,-0.031493287,0.376572243,0.842527558,-0.404322013,-1.120717982,-1.18,-0.042,-0.234512109,-0.04927016,-0.804566,0.138671757,-0.390082517,-0.048334449,-0.115475396,1.070570861
2014,3,0.28,0.018,-1.011006608,-0.381796184,-0.45373875,0.420094492,0.107915447,0.949030048,0.399159142,0.560674737,-0.42,-0.259,-1.635476583,-0.801068126,-0.26691276,0.670424298,-0.675666875,1.029664761,-0.051966921,-0.906103648,-0.6,-0.27,-1.827261369,-0.150473733,-0.38970667,0.494654067,-0.397181172,1.444115059,-0.134455974,-0.13714671,-1.15,-0.234,-1.445445926,0.153136985,-1.4515896,-0.031493287,0.376572243,0.842527558,-0.404322013,-1.120717982
2014,4,0.42,0.295,-0.645563037,0.051933412,-0.61755997,0.111809158,-0.281964538,0.496667289,0.614782107,-0.290776553,0.28,0.018,-1.011006608,-0.381796184,-0.45373875,0.420094492,0.107915447,0.949030048,0.399159142,0.560674737,-0.42,-0.259,-1.635476583,-0.801068126,-0.26691276,0.670424298,-0.675666875,1.029664761,-0.051966921,-0.906103648,-0.6,-0.27,-1.827261369,-0.150473733,-0.38970667,0.494654067,-0.397181172,1.444115059,-0.134455974,-0.13714671
2014,5,1.09,1.001,0.823812473,0.22542525,0.22740889,0.240199688,-0.401003525,-0.025578889,0.639699738,-0.516032099,0.42,0.295,-0.645563037,0.051933412,-0.61755997,0.111809158,-0.281964538,0.496667289,0.614782107,-0.290776553,0.28,0.018,-1.011006608,-0.381796184,-0.45373875,0.420094492,0.107915447,0.949030048,0.399159142,0.560674737,-0.42,-0.259,-1.635476583,-0.801068126,-0.26691276,0.670424298,-0.675666875,1.029664761,-0.051966921,-0.906103648
2014,6,-0.32,1.046,0.890469381,0.962765563,-0.4166303,-0.958358695,0.394045856,-0.716652733,0.582847959,2.375267651,1.09,1.001,0.823812473,0.22542525,0.22740889,0.240199688,-0.401003525,-0.025578889,0.639699738,-0.516032099,0.42,0.295,-0.645563037,0.051933412,-0.61755997,0.111809158,-0.281964538,0.496667289,0.614782107,-0.290776553,0.28,0.018,-1.011006608,-0.381796184,-0.45373875,0.420094492,0.107915447,0.949030048,0.399159142,0.560674737
2014,7,0.15,0.921,0.486434969,1.541071691,-0.13370799,-0.942600714,0.105185195,-1.121240941,1.163689631,1.6870856,-0.32,1.046,0.890469381,0.962765563,-0.4166303,-0.958358695,0.394045856,-0.716652733,0.582847959,2.375267651,1.09,1.001,0.823812473,0.22542525,0.22740889,0.240199688,-0.401003525,-0.025578889,0.639699738,-0.516032099,0.42,0.295,-0.645563037,0.051933412,-0.61755997,0.111809158,-0.281964538,0.496667289,0.614782107,-0.290776553
2014,8,-0.01,0.961,-0.156745717,1.266376281,-0.54526097,-1.620616932,-0.28524084,-1.147836249,1.351516395,1.581884449,0.15,0.921,0.486434969,1.541071691,-0.13370799,-0.942600714,0.105185195,-1.121240941,1.163689631,1.6870856,-0.32,1.046,0.890469381,0.962765563,-0.4166303,-0.958358695,0.394045856,-0.716652733,0.582847959,2.375267651,1.09,1.001,0.823812473,0.22542525,0.22740889,0.240199688,-0.401003525,-0.025578889,0.639699738,-0.516032099
2014,9,0.57,0.593,2.116020941,0.167594638,-0.7770938,-0.852071642,-0.563180493,-1.057662794,1.842492676,1.307300137,-0.01,0.961,-0.156745717,1.266376281,-0.54526097,-1.620616932,-0.28524084,-1.147836249,1.351516395,1.581884449,0.15,0.921,0.486434969,1.541071691,-0.13370799,-0.942600714,0.105185195,-1.121240941,1.163689631,1.6870856,-0.32,1.046,0.890469381,0.962765563,-0.4166303,-0.958358695,0.394045856,-0.716652733,0.582847959,2.375267651
2014,10,1.34,0.45,2.245826497,-0.425169143,0.42413825,0.344583093,-0.150912442,-0.870889356,2.381505112,-0.11244278,0.57,0.593,2.116020941,0.167594638,-0.7770938,-0.852071642,-0.563180493,-1.057662794,1.842492676,1.307300137,-0.01,0.961,-0.156745717,1.266376281,-0.54526097,-1.620616932,-0.28524084,-1.147836249,1.351516395,1.581884449,0.15,0.921,0.486434969,1.541071691,-0.13370799,-0.942600714,0.105185195,-1.121240941,1.163689631,1.6870856
2014,11,1.35,0.773,1.038400938,-0.685406901,0.3108105,0.898544869,-0.395543021,0.81112246,1.948280163,-0.061409464,1.34,0.45,2.245826497,-0.425169143,0.42413825,0.344583093,-0.150912442,-0.870889356,2.381505112,-0.11244278,0.57,0.593,2.116020941,0.167594638,-0.7770938,-0.852071642,-0.563180493,-1.057662794,1.842492676,1.307300137,-0.01,0.961,-0.156745717,1.266376281,-0.54526097,-1.620616932,-0.28524084,-1.147836249,1.351516395,1.581884449
2014,12,1.95,0.566,0.741368404,-1.13359415,-0.35602385,2.095939912,-1.635623477,0.903923111,2.623215128,0.736730882,1.35,0.773,1.038400938,-0.685406901,0.3108105,0.898544869,-0.395543021,0.81112246,1.948280163,-0.061409464,1.34,0.45,2.245826497,-0.425169143,0.42413825,0.344583093,-0.150912442,-0.870889356,2.381505112,-0.11244278,0.57,0.593,2.116020941,0.167594638,-0.7770938,-0.852071642,-0.563180493,-1.057662794,1.842492676,1.307300137
2015,1,1.7,0.417,0.214544952,-0.367338531,-0.55092806,1.235807967,-0.24374101,0.89054462,2.271129902,0.162530045,1.95,0.566,0.741368404,-1.13359415,-0.35602385,2.095939912,-1.635623477,0.903923111,2.623215128,0.736730882,1.35,0.773,1.038400938,-0.685406901,0.3108105,0.898544869,-0.395543021,0.81112246,1.948280163,-0.061409464,1.34,0.45,2.245826497,-0.425169143,0.42413825,0.344583093,-0.150912442,-0.870889356,2.381505112,-0.11244278
2015,2,1.76,0.464,0.153150432,-0.193846692,-1.2735983,0.627592202,-0.338207729,1.275570321,2.368281676,0.966841173,1.7,0.417,0.214544952,-0.367338531,-0.55092806,1.235807967,-0.24374101,0.89054462,2.271129902,0.162530045,1.95,0.566,0.741368404,-1.13359415,-0.35602385,2.095939912,-1.635623477,0.903923111,2.623215128,0.736730882,1.35,0.773,1.038400938,-0.685406901,0.3108105,0.898544869,-0.395543021,0.81112246,1.948280163,-0.061409464
2015,3,1.52,0.614,-0.43565225,-0.005897201,-1.3956342,0.004993314,0.526190053,0.632271029,2.176496877,1.643670885,1.76,0.464,0.153150432,-0.193846692,-1.2735983,0.627592202,-0.338207729,1.275570321,2.368281676,0.966841173,1.7,0.417,0.214544952,-0.367338531,-0.55092806,1.235807967,-0.24374101,0.89054462,2.271129902,0.162530045,1.95,0.566,0.741368404,-1.13359415,-0.35602385,2.095939912,-1.635623477,0.903923111,2.623215128,0.736730882
2015,4,0.94,0.916,-0.777122723,0.196509944,-1.3788626,-0.540507802,0.033652593,0.39416622,1.891608295,-0.130950772,1.52,0.614,-0.43565225,-0.005897201,-1.3956342,0.004993314,0.526190053,0.632271029,2.176496877,1.643670885,1.76,0.464,0.153150432,-0.193846692,-1.2735983,0.627592202,-0.338207729,1.275570321,2.368281676,0.966841173,1.7,0.417,0.214544952,-0.367338531,-0.55092806,1.235807967,-0.24374101,0.89054462,2.271129902,0.162530045
2015,5,0.31,1.583,0.392296705,1.338664547,-0.7200374,-1.0749043,-0.102313957,0.076437159,1.683271713,1.827032794,0.94,0.916,-0.777122723,0.196509944,-1.3788626,-0.540507802,0.033652593,0.39416622,1.891608295,-0.130950772,1.52,0.614,-0.43565225,-0.005897201,-1.3956342,0.004993314,0.526190053,0.632271029,2.176496877,1.643670885,1.76,0.464,0.153150432,-0.193846692,-1.2735983,0.627592202,-0.338207729,1.275570321,2.368281676,0.966841173
2015,6,0.7,2.097,0.307513796,1.844682408,-1.2495428,-1.330098986,-1.542794909,-0.785970293,1.349447422,3.101177943,0.31,1.583,0.392296705,1.338664547,-0.7200374,-1.0749043,-0.102313957,0.076437159,1.683271713,1.827032794,0.94,0.916,-0.777122723,0.196509944,-1.3788626,-0.540507802,0.033652593,0.39416622,1.891608295,-0.130950772,1.52,0.614,-0.43565225,-0.005897201,-1.3956342,0.004993314,0.526190053,0.632271029,2.176496877,1.643670885
2015,7,1.25,1.987,1.808463631,1.165172708,-1.474117,-0.965656015,-1.060086356,-1.248275979,1.809658974,-0.010165126,0.7,2.097,0.307513796,1.844682408,-1.2495428,-1.330098986,-1.542794909,-0.785970293,1.349447422,3.101177943,0.31,1.583,0.392296705,1.338664547,-0.7200374,-1.0749043,-0.102313957,0.076437159,1.683271713,1.827032794,0.94,0.916,-0.777122723,0.196509944,-1.3788626,-0.540507802,0.033652593,0.39416622,1.891608295,-0.130950772
2015,8,0.71,2.365,1.521955872,0.745900766,-1.9279137,-0.799721302,0.323605355,-1.054348485,1.976616097,-0.15009998,1.25,1.987,1.808463631,1.165172708,-1.474117,-0.965656015,-1.060086356,-1.248275979,1.809658974,-0.010165126,0.7,2.097,0.307513796,1.844682408,-1.2495428,-1.330098986,-1.542794909,-0.785970293,1.349447422,3.101177943,0.31,1.583,0.392296705,1.338664547,-0.7200374,-1.0749043,-0.102313957,0.076437159,1.683271713,1.827032794
2015,9,0.85,2.532,1.937099768,0.398917089,-2.1044993,-0.30329202,0.291388381,-0.820123843,2.778478056,-0.750546543,0.71,2.365,1.521955872,0.745900766,-1.9279137,-0.799721302,0.323605355,-1.054348485,1.976616097,-0.15009998,1.25,1.987,1.808463631,1.165172708,-1.474117,-0.965656015,-1.060086356,-1.248275979,1.809658974,-0.010165126,0.7,2.097,0.307513796,1.844682408,-1.2495428,-1.330098986,-1.542794909,-0.785970293,1.349447422,3.101177943
2015,10,0.77,2.256,1.516693484,0.051933412,-1.3069408,-0.170459643,0.662702652,-0.419941241,2.911522013,-0.703433073,0.85,2.532,1.937099768,0.398917089,-2.1044993,-0.30329202,0.291388381,-0.820123843,2.778478056,-0.750546543,0.71,2.365,1.521955872,0.745900766,-1.9279137,-0.799721302,0.323605355,-1.054348485,1.976616097,-0.15009998,1.25,1.987,1.808463631,1.165172708,-1.474117,-0.965656015,-1.060086356,-1.248275979,1.809658974,-0.010165126
2015,11,0.16,2.3,0.763002663,-0.04927016,-2.253835,-0.220060268,-0.186951768,0.652965251,1.954577038,-0.812600263,0.77,2.256,1.516693484,0.051933412,-1.3069408,-0.170459643,0.662702652,-0.419941241,2.911522013,-0.703433073,0.85,2.532,1.937099768,0.398917089,-2.1044993,-0.30329202,0.291388381,-0.820123843,2.778478056,-0.750546543,0.71,2.365,1.521955872,0.745900766,-1.9279137,-0.799721302,0.323605355,-1.054348485,1.976616097,-0.15009998
2015,12,0.53,2.12,0.073045201,-2.232375793,-1.1060514,1.730545116,-2.501659409,1.668113846,2.064232605,-0.989970888,0.16,2.3,0.763002663,-0.04927016,-2.253835,-0.220060268,-0.186951768,0.652965251,1.954577038,-0.812600263,0.77,2.256,1.516693484,0.051933412,-1.3069408,-0.170459643,0.662702652,-0.419941241,2.911522013,-0.703433073,0.85,2.532,1.937099768,0.398917089,-2.1044993,-0.30329202,0.291388381,-0.820123843,2.778478056,-0.750546543
2016,1,0.82,2.216,-0.349699922,-3.678141112,0.9376462,2.551017713,-2.379890171,2.193876424,1.839883971,-1.138538692,0.53,2.12,0.073045201,-2.232375793,-1.1060514,1.730545116,-2.501659409,1.668113846,2.064232605,-0.989970888,0.16,2.3,0.763002663,-0.04927016,-2.253835,-0.220060268,-0.186951768,0.652965251,1.954577038,-0.812600263,0.77,2.256,1.516693484,0.051933412,-1.3069408,-0.170459643,0.662702652,-0.419941241,2.911522013,-0.703433073
2016,2,1.26,2.17,-0.346776374,-1.523950786,0.22869466,1.757407715,-0.820370231,1.61108348,2.005041987,-0.891343449,0.82,2.216,-0.349699922,-3.678141112,0.9376462,2.551017713,-2.379890171,2.193876424,1.839883971,-1.138538692,0.53,2.12,0.073045201,-2.232375793,-1.1060514,1.730545116,-2.501659409,1.668113846,2.064232605,-0.989970888,0.16,2.3,0.763002663,-0.04927016,-2.253835,-0.220060268,-0.186951768,0.652965251,1.954577038,-0.812600263
2016,3,1.57,1.963,-0.266671143,-1.13359415,0.4720812,1.987537693,-1.327105001,2.141251664,2.121983937,-0.517361015,1.26,2.17,-0.346776374,-1.523950786,0.22869466,1.757407715,-0.820370231,1.61108348,2.005041987,-0.891343449,0.82,2.216,-0.349699922,-3.678141112,0.9376462,2.551017713,-2.379890171,2.193876424,1.839883971,-1.138538692,0.53,2.12,0.073045201,-2.232375793,-1.1060514,1.730545116,-2.501659409,1.668113846,2.064232605,-0.989970888
2016,4,1.65,2.094,0.339088121,0.124221678,-0.40044832,-0.287745556,1.384035229,0.022721102,0.963538985,-0.582072059,1.57,1.963,-0.266671143,-1.13359415,0.4720812,1.987537693,-1.327105001,2.141251664,2.121983937,-0.517361015,1.26,2.17,-0.346776374,-1.523950786,0.22869466,1.757407715,-0.820370231,1.61108348,2.005041987,-0.891343449,0.82,2.216,-0.349699922,-3.678141112,0.9376462,2.551017713,-2.379890171,2.193876424,1.839883971,-1.138538692
2016,5,1.47,1.752,0.755986147,1.092884442,-0.6821762,-1.103670547,1.817053196,-1.027753176,0.880510201,0.729048423,1.65,2.094,0.339088121,0.124221678,-0.40044832,-0.287745556,1.384035229,0.022721102,0.963538985,-0.582072059,1.57,1.963,-0.266671143,-1.13359415,0.4720812,1.987537693,-1.327105001,2.141251664,2.121983937,-0.517361015,1.26,2.17,-0.346776374,-1.523950786,0.22869466,1.757407715,-0.820370231,1.61108348,2.005041987,-0.891343449
2016,6,0.81,1.053,1.310290955,0.919392604,-0.95813125,-1.224763757,0.18054015,-0.940691937,1.060420894,0.152342619,1.47,1.752,0.755986147,1.092884442,-0.6821762,-1.103670547,1.817053196,-1.027753176,0.880510201,0.729048423,1.65,2.094,0.339088121,0.124221678,-0.40044832,-0.287745556,1.384035229,0.022721102,0.963538985,-0.582072059,1.57,1.963,-0.266671143,-1.13359415,0.4720812,1.987537693,-1.327105001,2.141251664,2.121983937,-0.517361015
2016,7,0.18,0.354,1.825420213,1.078426789,-0.48700547,-1.69739743,-1.217894922,-1.122291819,0.728935442,0.176719939,0.81,1.053,1.310290955,0.919392604,-0.95813125,-1.224763757,0.18054015,-0.940691937,1.060420894,0.152342619,1.47,1.752,0.755986147,1.092884442,-0.6821762,-1.103670547,1.817053196,-1.027753176,0.880510201,0.729048423,1.65,2.094,0.339088121,0.124221678,-0.40044832,-0.287745556,1.384035229,0.022721102,0.963538985,-0.582072059
2016,8,-0.87,0.186,0.356629412,1.396495159,-0.54382825,-0.915420841,-1.264309205,-1.04004037,0.408874319,1.44987501,0.18,0.354,1.825420213,1.078426789,-0.48700547,-1.69739743,-1.217894922,-1.122291819,0.728935442,0.176719939,0.81,1.053,1.310290955,0.919392604,-0.95813125,-1.224763757,0.18054015,-0.940691937,1.060420894,0.152342619,1.47,1.752,0.755986147,1.092884442,-0.6821762,-1.103670547,1.817053196,-1.027753176,0.880510201,0.729048423
2016,9,-1.05,-0.091,1.216152691,0.500120661,-0.7735456,-0.446065674,-1.194960805,-1.151514324,0.784437891,-0.143792975,-0.87,0.186,0.356629412,1.396495159,-0.54382825,-0.915420841,-1.264309205,-1.04004037,0.408874319,1.44987501,0.18,0.354,1.825420213,1.078426789,-0.48700547,-1.69739743,-1.217894922,-1.122291819,0.728935442,0.176719939,0.81,1.053,1.310290955,0.919392604,-0.95813125,-1.224763757,0.18054015,-0.940691937,1.060420894,0.152342619
2016,10,-0.66,-0.363,0.971159321,-1.625154359,0.3520168,0.434054583,-1.943049851,-0.506881224,1.143449678,-0.881875395,-1.05,-0.091,1.216152691,0.500120661,-0.7735456,-0.446065674,-1.194960805,-1.151514324,0.784437891,-0.143792975,-0.87,0.186,0.356629412,1.396495159,-0.54382825,-0.915420841,-1.264309205,-1.04004037,0.408874319,1.44987501,0.18,0.354,1.825420213,1.078426789,-0.48700547,-1.69739743,-1.217894922,-1.122291819,0.728935442,0.176719939
2016,11,0.85,-0.197,1.183993657,-2.160087527,1.159299,1.456208185,-2.471626638,0.285764065,1.977875472,-1.108400778,-0.66,-0.363,0.971159321,-1.625154359,0.3520168,0.434054583,-1.943049851,-0.506881224,1.143449678,-0.881875395,-1.05,-0.091,1.216152691,0.500120661,-0.7735456,-0.446065674,-1.194960805,-1.151514324,0.784437891,-0.143792975,-0.87,0.186,0.356629412,1.396495159,-0.54382825,-0.915420841,-1.264309205,-1.04004037,0.408874319,1.44987501
2016,12,0.55,-0.11,0.15607398,-0.020354854,-1.5408496,1.061941384,-0.74992973,1.202130084,1.250496541,-0.534605678,0.85,-0.197,1.183993657,-2.160087527,1.159299,1.456208185,-2.471626638,0.285764065,1.977875472,-1.108400778,-0.66,-0.363,0.971159321,-1.625154359,0.3520168,0.434054583,-1.943049851,-0.506881224,1.143449678,-0.881875395,-1.05,-0.091,1.216152691,0.500120661,-0.7735456,-0.446065674,-1.194960805,-1.151514324,0.784437891,-0.143792975
2017,1,0.14,-0.052,-0.964229831,-1.104678844,-0.2667852,2.285141442,-1.920115735,0.729356031,0.951395014,-0.485827383,0.55,-0.11,0.15607398,-0.020354854,-1.5408496,1.061941384,-0.74992973,1.202130084,1.250496541,-0.534605678,0.85,-0.197,1.183993657,-2.160087527,1.159299,1.456208185,-2.471626638,0.285764065,1.977875472,-1.108400778,-0.66,-0.363,0.971159321,-1.625154359,0.3520168,0.434054583,-1.943049851,-0.506881224,1.143449678,-0.881875395
2017,2,0.07,-0.043,-0.90517415,-0.540830369,-0.6709852,2.452345255,-1.295434078,1.262717269,0.434961369,-0.9183778,0.14,-0.052,-0.964229831,-1.104678844,-0.2667852,2.285141442,-1.920115735,0.729356031,0.951395014,-0.485827383,0.55,-0.11,0.15607398,-0.020354854,-1.5408496,1.061941384,-0.74992973,1.202130084,1.250496541,-0.534605678,0.85,-0.197,1.183993657,-2.160087527,1.159299,1.456208185,-2.471626638,0.285764065,1.977875472,-1.108400778
2017,3,0.14,-0.08,-0.94668854,-0.81552578,-0.894669,1.691837593,-0.639081499,0.716947582,-0.208129403,-0.738601998,0.07,-0.043,-0.90517415,-0.540830369,-0.6709852,2.452345255,-1.295434078,1.262717269,0.434961369,-0.9183778,0.14,-0.052,-0.964229831,-1.104678844,-0.2667852,2.285141442,-1.920115735,0.729356031,0.951395014,-0.485827383,0.55,-0.11,0.15607398,-0.020354854,-1.5408496,1.061941384,-0.74992973,1.202130084,1.250496541,-0.534605678
2017,4,0.55,0.744,-0.732100075,-0.352880877,-0.11361968,1.139673707,-0.473628228,0.595288191,-0.16719972,-0.520839076,0.14,-0.08,-0.94668854,-0.81552578,-0.894669,1.691837593,-0.639081499,0.716947582,-0.208129403,-0.738601998,0.07,-0.043,-0.90517415,-0.540830369,-0.6709852,2.452345255,-1.295434078,1.262717269,0.434961369,-0.9183778,0.14,-0.052,-0.964229831,-1.104678844,-0.2667852,2.285141442,-1.920115735,0.729356031,0.951395014,-0.485827383
2017,5,0.28,1.445,0.129762043,0.514578314,-0.5071737,-0.088602748,0.874570207,-0.728454906,-0.302852382,-0.397156978,0.55,0.744,-0.732100075,-0.352880877,-0.11361968,1.139673707,-0.473628228,0.595288191,-0.16719972,-0.520839076,0.14,-0.08,-0.94668854,-0.81552578,-0.894669,1.691837593,-0.639081499,0.716947582,-0.208129403,-0.738601998,0.07,-0.043,-0.90517415,-0.540830369,-0.6709852,2.452345255,-1.295434078,1.262717269,0.434961369,-0.9183778
2017,6,0.19,1.039,1.328416956,0.529035968,-0.2239184,-0.42681767,0.85109004,-0.927596375,0.146474573,-0.279320242,0.28,1.445,0.129762043,0.514578314,-0.5071737,-0.088602748,0.874570207,-0.728454906,-0.302852382,-0.397156978,0.55,0.744,-0.732100075,-0.352880877,-0.11361968,1.139673707,-0.473628228,0.595288191,-0.16719972,-0.520839076,0.14,-0.08,-0.94668854,-0.81552578,-0.894669,1.691837593,-0.639081499,0.716947582,-0.208129403,-0.738601998
2017,7,-0.49,0.461,0.921458996,1.62781761,-0.14672896,-1.311274015,1.675626142,-1.134174829,0.466085919,1.74206663,0.19,1.039,1.328416956,0.529035968,-0.2239184,-0.42681767,0.85109004,-0.927596375,0.146474573,-0.279320242,0.28,1.445,0.129762043,0.514578314,-0.5071737,-0.088602748,0.874570207,-0.728454906,-0.302852382,-0.397156978,0.55,0.744,-0.732100075,-0.352880877,-0.11361968,1.139673707,-0.473628228,0.595288191,-0.16719972,-0.520839076
2017,8,-0.63,0.027,0.058427458,1.3531222,-0.27865458,-1.191238388,1.789750676,-1.238737236,0.845157749,1.03496794,-0.49,0.461,0.921458996,1.62781761,-0.14672896,-1.311274015,1.675626142,-1.134174829,0.466085919,1.74206663,0.19,1.039,1.328416956,0.529035968,-0.2239184,-0.42681767,0.85109004,-0.927596375,0.146474573,-0.279320242,0.28,1.445,0.129762043,0.514578314,-0.5071737,-0.088602748,0.874570207,-0.728454906,-0.302852382,-0.397156978
2017,9,-0.26,-0.449,0.799839375,0.427832395,-0.5009289,-1.049733833,-0.083748243,-1.248720582,0.782638784,0.514592966,-0.63,0.027,0.058427458,1.3531222,-0.27865458,-1.191238388,1.789750676,-1.238737236,0.845157749,1.03496794,-0.49,0.461,0.921458996,1.62781761,-0.14672896,-1.311274015,1.675626142,-1.134174829,0.466085919,1.74206663,0.19,1.039,1.328416956,0.529035968,-0.2239184,-0.42681767,0.85109004,-0.927596375,0.146474573,-0.279320242
2017,10,-0.62,-0.551,0.746046081,0.124221678,-1.4277744,-1.064857265,-0.259576471,-0.907387174,0.339698658,0.182154803,-0.26,-0.449,0.799839375,0.427832395,-0.5009289,-1.049733833,-0.083748243,-1.248720582,0.782638784,0.514592966,-0.63,0.027,0.058427458,1.3531222,-0.27865458,-1.191238388,1.789750676,-1.238737236,0.845157749,1.03496794,-0.49,0.461,0.921458996,1.62781761,-0.14672896,-1.311274015,1.675626142,-1.134174829,0.466085919,1.74206663
2017,11,-0.45,-0.277,-0.081318163,-1.755273237,-2.1840963,0.434900649,-0.850403003,0.26438273,0.714902408,-0.349994524,-0.62,-0.551,0.746046081,0.124221678,-1.4277744,-1.064857265,-0.259576471,-0.907387174,0.339698658,0.182154803,-0.26,-0.449,0.799839375,0.427832395,-0.5009289,-1.049733833,-0.083748243,-1.248720582,0.782638784,0.514592966,-0.63,0.027,0.058427458,1.3531222,-0.27865458,-1.191238388,1.789750676,-1.238737236,0.845157749,1.03496794
2017,12,-0.12,-0.576,-0.483598447,-0.208304345,-2.7983775,0.507345058,-0.097399503,1.308592156,0.859910426,-0.548850776,-0.45,-0.277,-0.081318163,-1.755273237,-2.1840963,0.434900649,-0.850403003,0.26438273,0.714902408,-0.349994524,-0.62,-0.551,0.746046081,0.124221678,-1.4277744,-1.064857265,-0.259576471,-0.907387174,0.339698658,0.182154803,-0.26,-0.449,0.799839375,0.427832395,-0.5009289,-1.049733833,-0.083748243,-1.248720582,0.782638784,0.514592966
2018,1,0.33,-0.623,-0.62042052,-2.232375793,-1.4850568,1.099062534,-0.66856822,1.102215794,0.650314469,-0.83523633,-0.12,-0.576,-0.483598447,-0.208304345,-2.7983775,0.507345058,-0.097399503,1.308592156,0.859910426,-0.548850776,-0.45,-0.277,-0.081318163,-1.755273237,-2.1840963,0.434900649,-0.850403003,0.26438273,0.714902408,-0.349994524,-0.62,-0.551,0.746046081,0.124221678,-1.4277744,-1.064857265,-0.259576471,-0.907387174,0.339698658,0.182154803
2018,2,-0.15,-0.731,-1.095789517,0.326628823,-2.2327564,0.323642957,0.037474946,1.568199555,-0.265341003,0.01409364,0.33,-0.623,-0.62042052,-2.232375793,-1.4850568,1.099062534,-0.66856822,1.102215794,0.650314469,-0.83523633,-0.12,-0.576,-0.483598447,-0.208304345,-2.7983775,0.507345058,-0.097399503,1.308592156,0.859910426,-0.548850776,-0.45,-0.277,-0.081318163,-1.755273237,-2.1840963,0.434900649,-0.850403003,0.26438273,0.714902408,-0.349994524
2018,3,-0.62,-0.502,-1.239628106,-0.020354854,-2.0429688,1.132376387,-0.565364695,1.82408846,-0.493827583,-0.525250605,-0.15,-0.731,-1.095789517,0.326628823,-2.2327564,0.323642957,0.037474946,1.568199555,-0.265341003,0.01409364,0.33,-0.623,-0.62042052,-2.232375793,-1.4850568,1.099062534,-0.66856822,1.102215794,0.650314469,-0.83523633,-0.12,-0.576,-0.483598447,-0.208304345,-2.7983775,0.507345058,-0.097399503,1.308592156,0.859910426,-0.548850776
2018,4,-0.88,-0.432,-0.847287889,-0.020354854,-2.0587792,0.344054302,0.101908893,0.451964536,-0.437515536,-0.913842514,-0.62,-0.502,-1.239628106,-0.020354854,-2.0429688,1.132376387,-0.565364695,1.82408846,-0.493827583,-0.525250605,-0.15,-0.731,-1.095789517,0.326628823,-2.2327564,0.323642957,0.037474946,1.568199555,-0.265341003,0.01409364,0.33,-0.623,-0.62042052,-2.232375793,-1.4850568,1.099062534,-0.66856822,1.102215794,0.650314469,-0.83523633
2018,5,-0.69,0.465,0.420947481,0.94830791,-1.9215388,-0.282563401,0.271730567,-1.055076016,0.064615208,-0.272736111,-0.88,-0.432,-0.847287889,-0.020354854,-2.0587792,0.344054302,0.101908893,0.451964536,-0.437515536,-0.913842514,-0.62,-0.502,-1.239628106,-0.020354854,-2.0429688,1.132376387,-0.565364695,1.82408846,-0.493827583,-0.525250605,-0.15,-0.731,-1.095789517,0.326628823,-2.2327564,0.323642957,0.037474946,1.568199555,-0.265341003,0.01409364
2018,6,-0.85,0.469,1.755839757,0.58686658,-1.8117177,-0.755197074,1.087529863,-1.034058447,0.448364716,0.211820146,-0.69,0.465,0.420947481,0.94830791,-1.9215388,-0.282563401,0.271730567,-1.055076016,0.064615208,-0.272736111,-0.88,-0.432,-0.847287889,-0.020354854,-2.0587792,0.344054302,0.101908893,0.451964536,-0.437515536,-0.913842514,-0.62,-0.502,-1.239628106,-0.020354854,-2.0429688,1.132376387,-0.565364695,1.82408846,-0.493827583,-0.525250605
2018,7,-0.1,0.076,0.862403315,1.410952813,-1.3976707,-0.879991823,1.43973237,-1.235948367,0.797121594,1.305932317,-0.85,0.469,1.755839757,0.58686658,-1.8117177,-0.755197074,1.087529863,-1.034058447,0.448364716,0.211820146,-0.69,0.465,0.420947481,0.94830791,-1.9215388,-0.282563401,0.271730567,-1.055076016,0.064615208,-0.272736111,-0.88,-0.432,-0.847287889,-0.020354854,-2.0587792,0.344054302,0.101908893,0.451964536,-0.437515536,-0.913842514
2018,8,-0.43,0.132,1.375778443,1.078426789,-1.8764217,-0.941225857,0.814504663,-1.279357731,1.145068875,-0.362402768,-0.1,0.076,0.862403315,1.410952813,-1.3976707,-0.879991823,1.43973237,-1.235948367,0.797121594,1.305932317,-0.85,0.469,1.755839757,0.58686658,-1.8117177,-0.755197074,1.087529863,-1.034058447,0.448364716,0.211820146,-0.69,0.465,0.420947481,0.94830791,-1.9215388,-0.282563401,0.271730567,-1.055076016,0.064615208,-0.272736111
2018,9,-0.46,0.509,1.062374037,0.26879821,-2.266893,-1.008170836,0.692735424,-1.238818073,0.695651964,-0.006910158,-0.43,0.132,1.375778443,1.078426789,-1.8764217,-0.941225857,0.814504663,-1.279357731,1.145068875,-0.362402768,-0.1,0.076,0.862403315,1.410952813,-1.3976707,-0.879991823,1.43973237,-1.235948367,0.797121594,1.305932317,-0.85,0.469,1.755839757,0.58686658,-1.8117177,-0.755197074,1.087529863,-1.034058447,0.448364716,0.211820146
2018,10,-0.75,0.468,0.553091876,0.095306372,-2.55824,-0.126146931,-0.005663036,-0.879700568,1.068876696,-0.352141884,-0.46,0.509,1.062374037,0.26879821,-2.266893,-1.008170836,0.692735424,-1.238818073,0.695651964,-0.006910158,-0.43,0.132,1.375778443,1.078426789,-1.8764217,-0.941225857,0.814504663,-1.279357731,1.145068875,-0.362402768,-0.1,0.076,0.862403315,1.410952813,-1.3976707,-0.879991823,1.43973237,-1.235948367,0.797121594,1.305932317
2018,11,-0.78,0.698,0.108712493,-0.208304345,-2.0905776,0.187426316,-0.349128737,-0.123068075,1.279552118,-0.324277444,-0.75,0.468,0.553091876,0.095306372,-2.55824,-0.126146931,-0.005663036,-0.879700568,1.068876696,-0.352141884,-0.46,0.509,1.062374037,0.26879821,-2.266893,-1.008170836,0.692735424,-1.238818073,0.695651964,-0.006910158,-0.43,0.132,1.375778443,1.078426789,-1.8764217,-0.941225857,0.814504663,-1.279357731,1.145068875,-0.362402768
2018,12,-0.09,0.7,-0.422788636,-1.538408439,-1.9662519,0,0,0,0,-0.094518379,-0.78,0.698,0.108712493,-0.208304345,-2.0905776,0.187426316,-0.349128737,-0.123068075,1.279552118,-0.324277444,-0.75,0.468,0.553091876,0.095306372,-2.55824,-0.126146931,-0.005663036,-0.879700568,1.068876696,-0.352141884,-0.46,0.509,1.062374037,0.26879821,-2.266893,-1.008170836,0.692735424,-1.238818073,0.695651964,-0.006910158
,,,,,,,,,,,,-0.09,0.7,-0.422788636,-1.538408439,-1.9662519,0,0,0,0,-0.094518379,-0.78,0.698,0.108712493,-0.208304345,-2.0905776,0.187426316,-0.349128737,-0.123068075,1.279552118,-0.324277444,-0.75,0.468,0.553091876,0.095306372,-2.55824,-0.126146931,-0.005663036,-0.879700568,1.068876696,-0.352141884
,,,,,,,,,,,,,,,,,,,,,,-0.09,0.7,-0.422788636,-1.538408439,-1.9662519,0,0,0,0,-0.094518379,-0.78,0.698,0.108712493,-0.208304345,-2.0905776,0.187426316,-0.349128737,-0.123068075,1.279552118,-0.324277444
,,,,,,,,,,,,,,,,,,,,,,,,,,,,,,,,-0.09,0.7,-0.422788636,-1.538408439,-1.9662519,0,0,0,0,-0.094518379